1 0.40234375 0.5 0.4421875 1.0
1 0.59296875 0.45937500000000003 0.2390625 0.696875
1 0.5906250000000001 0.1171875 0.15937500000000002 0.234375
1 0.73828125 0.15703125 0.11406250000000001 0.3046875
1 0.6570312500000001 0.6390625000000001 0.1765625 0.4625
1 0.75546875 0.5546875 0.045312500000000006 0.07500000000000001
1 0.7625000000000001 0.37031250000000004 0.06875 0.265625
1 0.78828125 0.2859375 0.051562500000000004 0.234375
1 0.6640625 0.8125 0.1875 0.375
1 0.7640625000000001 0.68515625 0.059375000000000004 0.2328125
1 0.73828125 0.940625 0.0703125 0.11875000000000001
1 0.63203125 0.9656250000000001 0.0703125 0.06875
1 0.4453125 0.7953125000000001 0.30312500000000003 0.40937500000000004
1 0.78515625 0.9015625 0.035937500000000004 0.16562500000000002
1 0.7898437500000001 0.55703125 0.0390625 0.13593750000000002