1 0.49843750000000003 0.5921875 0.9968750000000001 0.42812500000000003
1 0.45390625 0.40156250000000004 0.6640625 0.22187500000000002
1 0.1203125 0.41328125000000004 0.240625 0.1546875
1 0.1546875 0.26875 0.309375 0.10625000000000001
1 0.6234375000000001 0.33828125000000003 0.44062500000000004 0.1609375
1 0.5421875 0.24531250000000002 0.07187500000000001 0.040625
1 0.36640625000000004 0.24140625000000002 0.2515625 0.0671875
1 0.28515625 0.2171875 0.2234375 0.053125000000000006
1 0.796875 0.32734375000000004 0.375 0.1765625
1 0.6648437500000001 0.23515625 0.22031250000000002 0.0578125
1 0.92578125 0.25859375 0.1484375 0.0734375
1 0.9515625000000001 0.353125 0.096875 0.07187500000000001
1 0.790625 0.5359375000000001 0.41875 0.30000000000000004
1 0.8703125 0.209375 0.15937500000000002 0.037500000000000006
1 0.5421875 0.2109375 0.13125 0.040625