2 0.15625 0.23291015625 0.310546875 0.2607421875
2 0.408203125 0.16552734375 0.275390625 0.3193359375
2 0.73486328125 0.14990234375 0.3173828125 0.2607421875
2 0.20703125 0.5087890625 0.30078125 0.31640625
2 0.5283203125 0.35107421875 0.28515625 0.1923828125
2 0.79541015625 0.33203125 0.3271484375 0.2578125
2 0.51953125 0.5419921875 0.294921875 0.271484375
2 0.830078125 0.58154296875 0.306640625 0.2412109375
2 0.15478515625 0.8076171875 0.2822265625 0.30078125
2 0.453125 0.828125 0.361328125 0.33203125
2 0.79345703125 0.849609375 0.3349609375 0.294921875