2 0.7470588235294117 0.5 0.0776470588235294 0.10312500000000001
2 0.42235294117647054 0.40859375000000003 0.09176470588235293 0.0921875
2 0.3164705882352941 0.50546875 0.06823529411764705 0.09531250000000001
2 0.5529411764705882 0.16718750000000002 0.06117647058823529 0.053125000000000006
2 0.03764705882352941 0.18828125 0.06117647058823529 0.0671875
2 0.30941176470588233 0.20390625 0.11058823529411764 0.0671875
2 0.4894117647058823 0.12265625000000001 0.051764705882352935 0.0484375
2 0.5270588235294117 0.06953125 0.03294117647058823 0.035937500000000004
2 0.3952941176470588 0.14765625000000002 0.06117647058823529 0.051562500000000004
2 0.5035294117647059 0.0484375 0.03294117647058823 0.034375
2 0.508235294117647 0.0234375 0.028235294117647056 0.0125
2 0.388235294117647 0.084375 0.042352941176470586 0.037500000000000006
2 0.4411764705882353 0.03515625 0.030588235294117645 0.029687500000000002