2 0.62265625 0.7255154639175257 0.3328125 0.3479381443298969
2 0.91328125 0.6842783505154639 0.1703125 0.2963917525773196
2 0.83515625 0.5682989690721649 0.2015625 0.19845360824742267
2 0.14921875 0.7474226804123711 0.1921875 0.23195876288659795
2 0.18359375 0.6108247422680412 0.2171875 0.27319587628865977
2 0.057031250000000006 0.8376288659793815 0.1171875 0.27319587628865977
2 0.403125 0.48711340206185566 0.084375 0.10309278350515463
2 0.37265625 0.5270618556701031 0.09843750000000001 0.06443298969072164
2 0.7609375 0.5167525773195876 0.134375 0.11597938144329897
2 0.37734375000000003 0.4896907216494845 0.09531250000000001 0.09278350515463918
2 0.41484375 0.46649484536082475 0.0734375 0.09278350515463918
2 0.3203125 0.5502577319587629 0.171875 0.16752577319587628
2 0.7445312500000001 0.4922680412371134 0.1296875 0.13402061855670103