2 0.463 0.656 0.618 0.608
2 0.055 0.41866666666666663 0.042 0.18666666666666665
2 0.099 0.39466666666666667 0.078 0.23466666666666666
2 0.148 0.45466666666666666 0.148 0.42933333333333334
2 0.628 0.41333333333333333 0.12 0.3413333333333333
2 0.767 0.38 0.138 0.13599999999999998
2 0.12 0.4373333333333333 0.064 0.13866666666666666
2 0.386 0.3253333333333333 0.06 0.08533333333333333
2 0.21 0.41866666666666663 0.056 0.16533333333333333
2 0.8 0.304 0.092 0.11733333333333333
2 0.966 0.33866666666666667 0.04 0.23466666666666666
2 0.316 0.5733333333333334 0.052000000000000005 0.09066666666666666