2 0.614 0.7986666666666666 0.196 0.39199999999999996
2 0.788 0.7693333333333333 0.212 0.45599999999999996
2 0.917 0.76 0.162 0.448
2 0.49 0.5693333333333334 0.10400000000000001 0.15733333333333333
2 0.625 0.564 0.082 0.09333333333333332
2 0.803 0.5426666666666666 0.082 0.12533333333333332
2 0.5640000000000001 0.648 0.07200000000000001 0.176
2 0.731 0.58 0.054 0.088
2 0.666 0.6333333333333333 0.088 0.24266666666666667
2 0.423 0.768 0.21 0.432
2 0.257 0.7986666666666666 0.162 0.37066666666666664
2 0.093 0.748 0.178 0.34933333333333333
2 0.428 0.54 0.056 0.09333333333333332