2 0.6109375 0.8458333333333333 0.253125 0.275
2 0.43671875000000004 0.7458333333333333 0.1296875 0.2916666666666667
2 0.32265625000000003 0.640625 0.060937500000000006 0.13958333333333334
2 0.28046875 0.6302083333333334 0.0484375 0.08541666666666667
2 0.240625 0.6145833333333334 0.040625 0.07916666666666666
2 0.21406250000000002 0.6114583333333333 0.021875000000000002 0.04791666666666666
2 0.19296875000000002 0.5875 0.010937500000000001 0.029166666666666667
2 0.3671875 0.6791666666666667 0.0625 0.2
2 0.184375 0.5760416666666667 0.00625 0.01875
2 0.1796875 0.571875 0.00625 0.01875
2 0.17500000000000002 0.5666666666666667 0.00625 0.016666666666666666