2 0.8359375 0.6542056074766355 0.10312500000000001 0.2757009345794392
2 0.6218750000000001 0.7932242990654205 0.178125 0.35280373831775697
2 0.08125 0.6366822429906541 0.037500000000000006 0.11915887850467288
2 0.75546875 0.6039719626168224 0.0734375 0.16121495327102803
2 0.5578125 0.5607476635514018 0.053125000000000006 0.10747663551401869
2 0.9671875000000001 0.5981308411214953 0.059375000000000004 0.14485981308411214
2 0.30000000000000004 0.8434579439252335 0.253125 0.2850467289719626
2 0.915625 0.6366822429906541 0.05625 0.1939252336448598
2 0.13984375000000002 0.7313084112149533 0.17343750000000002 0.3925233644859813
2 0.503125 0.6355140186915887 0.13125 0.2616822429906542
2 0.2625 0.6121495327102803 0.084375 0.16822429906542055
2 0.035937500000000004 0.6518691588785046 0.07500000000000001 0.21495327102803738
2 0.6578125 0.5408878504672897 0.10312500000000001 0.12383177570093457