2 0.6451990632318502 0.81640625 0.13348946135831383 0.16718750000000002
2 0.7494145199063231 0.7484375000000001 0.12177985948477751 0.12812500000000002
2 0.4098360655737705 0.7421875 0.12177985948477751 0.1375
2 0.11358313817330211 0.8210937500000001 0.11475409836065574 0.1546875
2 0.30210772833723654 0.8835937500000001 0.2107728337236534 0.1609375
2 0.892271662763466 0.6218750000000001 0.13114754098360656 0.14375000000000002
2 0.4484777517564403 0.6609375000000001 0.11475409836065574 0.08750000000000001
2 0.522248243559719 0.478125 0.10772833723653395 0.09375
2 0.7365339578454333 0.48203125 0.11007025761124122 0.0890625
2 0.21194379391100704 0.56953125 0.12412177985948478 0.1046875
2 0.265807962529274 0.46953125 0.10070257611241218 0.1015625
2 0.8384074941451991 0.41953125 0.07494145199063232 0.1015625