2 0.74609375 0.86784140969163 0.49531250000000004 0.21585903083700442
2 0.8054687500000001 0.631057268722467 0.38593750000000004 0.394273127753304
2 0.6421875 0.5418502202643173 0.353125 0.3215859030837005
2 0.6125 0.41629955947136565 0.23125 0.13656387665198239
2 0.46328125000000003 0.28744493392070486 0.06406250000000001 0.09911894273127754
2 0.40937500000000004 0.3204845814977974 0.046875 0.14317180616740088
2 0.8929687500000001 0.37004405286343617 0.06406250000000001 0.048458149779735685
2 0.7742187500000001 0.3359030837004406 0.0921875 0.0814977973568282
2 0.6875 0.35682819383259917 0.12187500000000001 0.11013215859030838
2 0.5085937500000001 0.31718061674008813 0.0328125 0.09251101321585904
2 0.8609375 0.40308370044052866 0.171875 0.15418502202643172