2 0.059375000000000004 0.6322916666666667 0.12187500000000001 0.2895833333333333
2 0.16328125000000002 0.615625 0.1703125 0.21041666666666667
2 0.27421875 0.5989583333333334 0.0859375 0.21458333333333332
2 0.34453125 0.615625 0.1078125 0.14791666666666667
2 0.3765625 0.5791666666666666 0.146875 0.175
2 0.465625 0.56875 0.08125 0.15416666666666667
2 0.5046875000000001 0.559375 0.125 0.14375
2 0.64609375 0.5583333333333333 0.0328125 0.07083333333333333
2 0.578125 0.5552083333333333 0.053125000000000006 0.13125
2 0.60859375 0.565625 0.0703125 0.08125
2 0.66015625 0.5520833333333334 0.0390625 0.07916666666666666
2 0.6796875 0.5375 0.040625 0.09166666666666666
2 0.71015625 0.5458333333333333 0.0328125 0.058333333333333334