2 0.48203125 0.4510416666666667 0.8734375000000001 0.5604166666666667
2 0.18671875000000002 0.14270833333333333 0.1328125 0.27291666666666664
2 0.046875 0.146875 0.096875 0.27708333333333335
2 0.70703125 0.17395833333333333 0.2578125 0.30625
2 0.44843750000000004 0.15104166666666666 0.265625 0.27291666666666664
2 0.9 0.18125 0.19375 0.25416666666666665
2 0.625 0.05625 0.06875 0.11666666666666667
2 0.53828125 0.04791666666666666 0.0703125 0.1
2 0.041406250000000006 0.4979166666666667 0.0859375 0.26666666666666666
2 0.71875 0.058333333333333334 0.06875 0.12083333333333333
2 0.8140625 0.036458333333333336 0.046875 0.06458333333333333
2 0.91953125 0.06770833333333333 0.1546875 0.09791666666666667