2 0.2984375 0.6052083333333333 0.07500000000000001 0.13958333333333334
2 0.6039062500000001 0.8156249999999999 0.19843750000000002 0.33125
2 0.41796875 0.6895833333333333 0.1046875 0.19583333333333333
2 0.875 0.81875 0.14375000000000002 0.24166666666666667
2 0.85078125 0.690625 0.1234375 0.12708333333333333
2 0.7601562500000001 0.61875 0.09531250000000001 0.12083333333333333
2 0.19687500000000002 0.6385416666666667 0.09062500000000001 0.19791666666666666
2 0.06953125 0.5166666666666666 0.0328125 0.07083333333333333
2 0.015625 0.5229166666666667 0.025 0.06666666666666667
2 0.02421875 0.6270833333333333 0.051562500000000004 0.1
2 0.34609375000000003 0.5739583333333333 0.0390625 0.10625
2 0.5789062500000001 0.615625 0.1078125 0.13958333333333334
2 0.13359375 0.528125 0.0203125 0.03958333333333333