2 0.7859375000000001 0.7177083333333333 0.42500000000000004 0.4479166666666667
2 0.09140625000000001 0.6375 0.18281250000000002 0.5375
2 0.24531250000000002 0.29375 0.16562500000000002 0.2583333333333333
2 0.084375 0.359375 0.14375000000000002 0.29375
2 0.76875 0.2583333333333333 0.12812500000000002 0.08333333333333333
2 0.39687500000000003 0.409375 0.140625 0.27291666666666664
2 0.5437500000000001 0.31666666666666665 0.125 0.2625
2 0.7578125 0.484375 0.48125 0.5104166666666666
2 0.49062500000000003 0.24479166666666666 0.046875 0.12708333333333333
2 0.04296875 0.4270833333333333 0.0890625 0.24583333333333332
2 0.11406250000000001 0.30104166666666665 0.23125 0.3145833333333333
2 0.35000000000000003 0.26979166666666665 0.146875 0.20208333333333334
2 0.41250000000000003 0.2520833333333333 0.146875 0.14166666666666666