2 0.75 0.49140625000000004 0.07916666666666666 0.0921875
2 0.559375 0.46953125 0.035416666666666666 0.0546875
2 0.3697916666666667 0.44140625 0.014583333333333334 0.0234375
2 0.321875 0.4453125 0.010416666666666666 0.03125
2 0.44375 0.4453125 0.0125 0.03125
2 0.975 0.5125000000000001 0.04583333333333333 0.06875
2 0.4583333333333333 0.45546875000000003 0.0125 0.0234375
2 0.4125 0.43984375000000003 0.016666666666666666 0.026562500000000003
2 0.78125 0.46718750000000003 0.0375 0.053125000000000006
2 0.5239583333333333 0.446875 0.01875 0.021875000000000002
2 0.3458333333333333 0.4375 0.004166666666666667 0.0125
2 0.2760416666666667 0.43671875000000004 0.00625 0.0140625