2 0.29921875000000003 0.8156249999999999 0.29531250000000003 0.3645833333333333
2 0.12812500000000002 0.8395833333333333 0.25 0.30833333333333335
2 0.6429687500000001 0.5885416666666666 0.1234375 0.3145833333333333
2 0.71640625 0.55 0.15781250000000002 0.2
2 0.77265625 0.503125 0.11406250000000001 0.19375
2 0.4546875 0.7635416666666667 0.209375 0.34791666666666665
2 0.6953125 0.590625 0.1 0.18958333333333333
2 0.8148437500000001 0.4927083333333333 0.0765625 0.16458333333333333
2 0.7523437500000001 0.50625 0.1171875 0.14583333333333334
2 0.55859375 0.6822916666666666 0.18906250000000002 0.2895833333333333
2 0.9296875 0.39375 0.043750000000000004 0.125
2 0.890625 0.43333333333333335 0.059375000000000004 0.12916666666666665
2 0.821875 0.47291666666666665 0.1125 0.15416666666666667