2 0.9484777517564403 0.38906250000000003 0.09836065573770492 0.09375
2 0.6053864168618267 0.390625 0.13817330210772832 0.109375
2 0.7740046838407494 0.39609375 0.07259953161592506 0.0890625
2 0.680327868852459 0.3921875 0.06323185011709602 0.1125
2 0.2576112412177986 0.38984375000000004 0.15456674473067916 0.1078125
2 0.17681498829039813 0.39687500000000003 0.08196721311475409 0.10312500000000001
2 0.7283372365339579 0.39453125 0.06088992974238876 0.09843750000000001
2 0.7681498829039812 0.38515625000000003 0.1405152224824356 0.11093750000000001
2 0.3337236533957845 0.371875 0.06791569086651054 0.078125
2 0.03395784543325527 0.35703125 0.053864168618266976 0.06406250000000001
2 0.8454332552693209 0.40625 0.05152224824355972 0.06875