2 0.64609375 0.7139107611548556 0.09531250000000001 0.1889763779527559
2 0.57421875 0.7230971128608924 0.0421875 0.1443569553805774
2 0.43515625 0.7204724409448818 0.08281250000000001 0.10761154855643044
2 0.25078125 0.7217847769028871 0.035937500000000004 0.08398950131233596
2 0.23203125000000002 0.7152230971128609 0.045312500000000006 0.07611548556430446
2 0.5125000000000001 0.7204724409448818 0.0625 0.14960629921259844
2 0.390625 0.7139107611548556 0.03125 0.09973753280839895
2 0.33125000000000004 0.7178477690288714 0.078125 0.11811023622047244
2 0.38046875 0.6824146981627297 0.0328125 0.13123359580052493
2 0.29296875 0.7152230971128609 0.0328125 0.09711286089238845
2 0.18203125 0.7230971128608924 0.0421875 0.09711286089238845
2 0.48671875000000003 0.7204724409448818 0.026562500000000003 0.10761154855643044