2 0.07500000000000001 0.8020833333333334 0.10312500000000001 0.39166666666666666
2 0.17265625 0.70625 0.0484375 0.19583333333333333
2 0.31875000000000003 0.7270833333333333 0.034375 0.1625
2 0.50234375 0.70625 0.0484375 0.10833333333333334
2 0.371875 0.7020833333333333 0.03125 0.075
2 0.60859375 0.7208333333333333 0.026562500000000003 0.075
2 0.5906250000000001 0.6916666666666667 0.015625 0.07083333333333333
2 0.55859375 0.7010416666666667 0.0390625 0.08541666666666667
2 0.80390625 0.70625 0.0171875 0.06666666666666667
2 0.52890625 0.6989583333333333 0.029687500000000002 0.06458333333333333
2 0.6421875 0.7072916666666667 0.03125 0.06041666666666667
2 0.69921875 0.7135416666666666 0.029687500000000002 0.07291666666666667
2 0.753125 0.70625 0.037500000000000006 0.06666666666666667