2 0.56484375 0.5831381733021077 0.09843750000000001 0.3185011709601874
2 0.6726562500000001 0.5889929742388759 0.0921875 0.2927400468384075
2 0.7781250000000001 0.6088992974238876 0.1 0.3044496487119438
2 0.46796875000000004 0.5644028103044496 0.0734375 0.26697892271662765
2 0.3296875 0.563231850117096 0.07500000000000001 0.2646370023419204
2 0.16328125000000002 0.4496487119437939 0.045312500000000006 0.1920374707259953
2 0.1234375 0.405152224824356 0.046875 0.20608899297423888
2 0.02734375 0.20023419203747073 0.0578125 0.09133489461358314
2 0.37578125 0.5398126463700235 0.045312500000000006 0.22716627634660422
2 0.51875 0.5878220140515222 0.03125 0.17798594847775176
2 0.15000000000000002 0.16510538641686182 0.046875 0.11943793911007025
2 0.215625 0.5117096018735363 0.053125000000000006 0.22716627634660422
2 0.2859375 0.544496487119438 0.0625 0.25526932084309134