2 0.7296875 0.6875 0.043750000000000004 0.08333333333333333
2 0.67578125 0.6927083333333334 0.0546875 0.06458333333333333
2 0.6179687500000001 0.690625 0.045312500000000006 0.05625
2 0.5640625 0.690625 0.025 0.052083333333333336
2 0.5125000000000001 0.6916666666666667 0.043750000000000004 0.058333333333333334
2 0.45156250000000003 0.6854166666666667 0.034375 0.05416666666666667
2 0.77734375 0.7010416666666667 0.0484375 0.05625
2 0.21640625000000002 0.6677083333333333 0.09531250000000001 0.07708333333333334
2 0.1296875 0.6666666666666666 0.09375 0.075
2 0.32343750000000004 0.6739583333333333 0.07500000000000001 0.07291666666666667
2 0.83984375 0.6947916666666667 0.0578125 0.07291666666666667
2 0.41015625 0.684375 0.0421875 0.06041666666666667