2 0.47578125000000004 0.648960739030023 0.06406250000000001 0.15704387990762125
2 0.9109375000000001 0.640877598152425 0.1 0.15011547344110854
2 0.8093750000000001 0.6351039260969977 0.09375 0.09699769053117782
2 0.36328125 0.5981524249422633 0.0234375 0.06928406466512702
2 0.6960937500000001 0.7829099307159353 0.16718750000000002 0.3094688221709007
2 0.59921875 0.6270207852193995 0.0671875 0.12702078521939952
2 0.07578125000000001 0.6351039260969977 0.1546875 0.19399538106235564
2 0.42421875000000003 0.5923787528868361 0.029687500000000002 0.07621247113163972
2 0.553125 0.581986143187067 0.03125 0.06466512702078522
2 0.39453125 0.5646651270207852 0.0203125 0.03926096997690531
2 0.2765625 0.569284064665127 0.021875000000000002 0.04849884526558891
2 0.29531250000000003 0.5600461893764435 0.0125 0.03464203233256351
2 0.33125000000000004 0.5646651270207852 0.015625 0.03926096997690531