2 0.77109375 0.539906103286385 0.0671875 0.1596244131455399
2 0.51171875 0.5046948356807511 0.0390625 0.09389671361502347
2 0.45859375 0.5046948356807511 0.035937500000000004 0.0892018779342723
2 0.36484375 0.4964788732394366 0.0140625 0.05868544600938967
2 0.35468750000000004 0.4906103286384977 0.025 0.07511737089201878
2 0.31171875000000004 0.4859154929577465 0.026562500000000003 0.07042253521126761
2 0.29140625000000003 0.4812206572769953 0.0171875 0.06572769953051644
2 0.26796875000000003 0.47769953051643194 0.0171875 0.05868544600938967
2 0.253125 0.47417840375586856 0.015625 0.051643192488262914
2 0.1921875 0.4765258215962441 0.018750000000000003 0.056338028169014086
2 0.20703125 0.4823943661971831 0.010937500000000001 0.03051643192488263
2 0.15625 0.46361502347417843 0.015625 0.03990610328638498
2 0.38671875 0.4964788732394366 0.026562500000000003 0.08685446009389672