2 0.16640625 0.5520833333333334 0.2109375 0.26666666666666666
2 0.28828125 0.5239583333333333 0.09843750000000001 0.21041666666666667
2 0.34296875000000004 0.49374999999999997 0.11093750000000001 0.17083333333333334
2 0.8109375000000001 0.575 0.27187500000000003 0.3625
2 0.6453125000000001 0.49895833333333334 0.146875 0.16041666666666665
2 0.08046875 0.675 0.15781250000000002 0.3958333333333333
2 0.5671875000000001 0.42083333333333334 0.065625 0.0625
2 0.38593750000000004 0.4635416666666667 0.065625 0.13125
2 0.40937500000000004 0.44687499999999997 0.046875 0.09791666666666667
2 0.44453125000000004 0.425 0.0421875 0.0625
2 0.6117187500000001 0.4510416666666667 0.1234375 0.12291666666666666
2 0.42500000000000004 0.4375 0.046875 0.06666666666666667
2 0.45390625 0.4166666666666667 0.026562500000000003 0.04583333333333333