2 0.44375 0.5437500000000001 0.15416666666666667 0.096875
2 0.396875 0.5640625 0.15625 0.09062500000000001
2 0.37395833333333334 0.6328125 0.14791666666666667 0.07187500000000001
2 0.259375 0.75703125 0.17291666666666666 0.0734375
2 0.590625 0.32656250000000003 0.15208333333333332 0.08125
2 0.55 0.43593750000000003 0.14166666666666666 0.053125000000000006
2 0.45208333333333334 0.48828125 0.14166666666666666 0.0859375
2 0.3614583333333333 0.584375 0.16458333333333333 0.084375
2 0.26145833333333335 0.7125 0.15208333333333332 0.08125
2 0.18020833333333333 0.8359375 0.17708333333333334 0.09062500000000001
2 0.13333333333333333 0.8578125000000001 0.15416666666666667 0.09375
2 0.10416666666666667 0.9460937500000001 0.19166666666666665 0.1046875
2 0.4864583333333333 0.45859375 0.12291666666666666 0.0890625
2 0.2760416666666667 0.6875 0.16041666666666665 0.10312500000000001