2 0.19035947712418302 0.6119281045751634 0.37745098039215685 0.7434640522875817
2 0.3088235294117647 0.3423202614379085 0.2581699346405229 0.34477124183006536
2 0.7377450980392157 0.6593137254901961 0.5212418300653595 0.6486928104575164
2 0.11601307189542484 0.2099673202614379 0.11437908496732027 0.20751633986928106
2 0.3888888888888889 0.14705882352941177 0.10130718954248366 0.18300653594771243
2 0.8684640522875817 0.2957516339869281 0.25653594771241833 0.4673202614379085
2 0.2540849673202614 0.08496732026143791 0.24019607843137256 0.15359477124183007
2 0.6282679738562091 0.30718954248366015 0.2728758169934641 0.3137254901960784
2 0.6470588235294118 0.12009803921568628 0.16339869281045752 0.2042483660130719
2 0.06127450980392157 0.12581699346405228 0.12581699346405228 0.14705882352941177
2 0.7606209150326798 0.1650326797385621 0.184640522875817 0.15359477124183007