2 0.5062597809076682 0.728125 0.27073552425665104 0.115625
2 0.202660406885759 0.553125 0.13302034428794993 0.09375
2 0.12206572769953052 0.50234375 0.08763693270735524 0.0578125
2 0.5539906103286385 0.56015625 0.16275430359937404 0.13593750000000002
2 0.4640062597809077 0.7109375 0.23317683881064163 0.15000000000000002
2 0.7832550860719875 0.6804687500000001 0.18622848200312989 0.1609375
2 0.9366197183098591 0.7757812500000001 0.12363067292644758 0.1765625
2 0.8998435054773083 0.71796875 0.1971830985915493 0.2078125
2 0.7370892018779343 0.66015625 0.1784037558685446 0.15156250000000002
2 0.63302034428795 0.62265625 0.15492957746478875 0.1234375
2 0.3826291079812207 0.66796875 0.1705790297339593 0.1234375
2 0.4241001564945227 0.68125 0.22535211267605634 0.16875
2 0.3348982785602504 0.63203125 0.1596244131455399 0.13593750000000002