2 0.6687500000000001 0.7920560747663551 0.115625 0.38317757009345793
2 0.89453125 0.6028037383177569 0.06406250000000001 0.1822429906542056
2 0.775 0.6553738317757009 0.08750000000000001 0.26401869158878505
2 0.05 0.6869158878504672 0.10312500000000001 0.11214953271028036
2 0.44843750000000004 0.5841121495327103 0.05625 0.1588785046728972
2 0.057031250000000006 0.6460280373831775 0.11406250000000001 0.10981308411214953
2 0.03515625 0.858644859813084 0.0734375 0.2733644859813084
2 0.16562500000000002 0.8235981308411214 0.265625 0.3481308411214953
2 0.8304687500000001 0.5771028037383177 0.0546875 0.14018691588785046
2 0.38125000000000003 0.5420560747663551 0.040625 0.08411214953271028
2 0.49765625 0.5035046728971962 0.0234375 0.04439252336448598
2 0.051562500000000004 0.7710280373831775 0.10625000000000001 0.16355140186915887
2 0.9617187500000001 0.5887850467289719 0.0734375 0.11682242990654204