2 0.8234375 0.8 0.17500000000000002 0.24166666666666667
2 0.634375 0.753125 0.09375 0.14791666666666667
2 0.37109375 0.6822916666666666 0.0390625 0.052083333333333336
2 0.29765625 0.6510416666666666 0.045312500000000006 0.07708333333333334
2 0.321875 0.6489583333333333 0.021875000000000002 0.052083333333333336
2 0.34140625 0.625 0.0140625 0.041666666666666664
2 0.48750000000000004 0.7291666666666666 0.046875 0.08333333333333333
2 0.42265625 0.6895833333333333 0.045312500000000006 0.075
2 0.690625 0.678125 0.065625 0.09791666666666667
2 0.5750000000000001 0.68125 0.05625 0.08333333333333333
2 0.25625000000000003 0.6302083333333334 0.018750000000000003 0.035416666666666666
2 0.52890625 0.6677083333333333 0.035937500000000004 0.06875