2 0.833 0.7440119760479043 0.19 0.3383233532934132
2 0.664 0.6811377245508983 0.052000000000000005 0.18263473053892218
2 0.546 0.7005988023952097 0.12 0.17365269461077845
2 0.491 0.784431137724551 0.146 0.3473053892215569
2 0.20600000000000002 0.687125748502994 0.108 0.24251497005988026
2 0.369 0.7694610778443114 0.126 0.32335329341317365
2 0.323 0.7455089820359282 0.11800000000000001 0.32335329341317365
2 0.436 0.7994011976047904 0.07200000000000001 0.2694610778443114
2 0.866 0.7679640718562875 0.176 0.26047904191616766
2 0.252 0.7365269461077845 0.136 0.28742514970059885
2 0.024 0.8562874251497007 0.052000000000000005 0.24550898203592816
2 0.021 0.7470059880239521 0.046 0.09880239520958084