2 0.41171875 0.7927083333333333 0.1953125 0.41041666666666665
2 0.55078125 0.78125 0.21406250000000002 0.42916666666666664
2 0.8968750000000001 0.7427083333333333 0.203125 0.3770833333333333
2 0.051562500000000004 0.5854166666666667 0.10312500000000001 0.14166666666666666
2 0.06015625 0.46770833333333334 0.0671875 0.09791666666666667
2 0.3671875 0.5458333333333333 0.08750000000000001 0.14166666666666666
2 0.50234375 0.5239583333333333 0.1078125 0.18958333333333333
2 0.60546875 0.5427083333333333 0.15781250000000002 0.24375
2 0.70078125 0.7697916666666667 0.23593750000000002 0.42291666666666666
2 0.675 0.44687499999999997 0.084375 0.12291666666666666
2 0.24921875000000002 0.640625 0.1171875 0.30625
2 0.15156250000000002 0.609375 0.1375 0.21041666666666667
2 0.09531250000000001 0.76875 0.19375 0.4583333333333333