2 0.278125 0.5796252927400468 0.034375 0.10070257611241218
2 0.23984375000000002 0.5585480093676815 0.0546875 0.1053864168618267
2 0.81640625 0.38173302107728335 0.029687500000000002 0.0702576112412178
2 0.61484375 0.4332552693208431 0.0484375 0.06557377049180328
2 0.7328125000000001 0.4063231850117096 0.06875 0.08196721311475409
2 0.69140625 0.4016393442622951 0.0421875 0.08196721311475409
2 0.10703125000000001 0.5608899297423887 0.026562500000000003 0.09601873536299765
2 0.2671875 0.5269320843091335 0.015625 0.046838407494145196
2 0.4921875 0.5761124121779859 0.06875 0.1358313817330211
2 0.54140625 0.5538641686182669 0.0703125 0.11475409836065574
2 0.31875000000000003 0.6053864168618267 0.07187500000000001 0.12412177985948478
2 0.40625 0.5515222482435597 0.05625 0.11007025761124122
2 0.1546875 0.5784543325526932 0.05625 0.10304449648711944