2 0.24 0.6390977443609023 0.105 0.3383458646616541
2 0.1125 0.6635338345864661 0.115 0.3308270676691729
2 0.36375 0.6118421052631579 0.08750000000000001 0.23120300751879697
2 0.556875 0.5526315789473684 0.09375 0.21428571428571427
2 0.455 0.5883458646616541 0.085 0.24436090225563908
2 0.663125 0.537593984962406 0.06625 0.18796992481203006
2 0.976875 0.45676691729323304 0.043750000000000004 0.12781954887218044
2 0.7681250000000001 0.5037593984962405 0.07875 0.17293233082706766
2 0.8562500000000001 0.46522556390977443 0.08 0.15977443609022557
2 0.81125 0.4821428571428571 0.0925 0.16729323308270677
2 0.7225 0.5197368421052632 0.065 0.16729323308270677
2 0.918125 0.4614661654135338 0.08875 0.14849624060150374
2 0.6175 0.5573308270676691 0.0525 0.18984962406015038