2 0.7551594746716698 0.30125 0.11069418386491557 0.12
2 0.8217636022514071 0.43125 0.1200750469043152 0.13
2 0.3808630393996248 0.614375 0.1575984990619137 0.15625
2 0.24671669793621012 0.39687500000000003 0.09943714821763602 0.13375
2 0.9108818011257036 0.750625 0.16322701688555347 0.19875
2 0.5816135084427767 0.27125 0.10131332082551595 0.11750000000000001
2 0.2448405253283302 0.770625 0.15947467166979362 0.19875
2 0.09380863039399624 0.323125 0.10881801125703565 0.09625
2 0.474671669793621 0.36125 0.0975609756097561 0.13
2 0.7467166979362101 0.919375 0.2176360225140713 0.15625
2 0.19230769230769232 0.22 0.06566604127579738 0.085
2 0.5722326454033771 0.508125 0.11632270168855535 0.13375
2 0.35553470919324576 0.029375000000000002 0.054409005628517824 0.05375
2 0.3789868667917448 0.4325 0.11632270168855535 0.0975
2 0.08630393996247655 0.5025000000000001 0.10506566604127579 0.14250000000000002
2 0.5075046904315197 0.899375 0.18574108818011256 0.19125
2 0.2795497185741088 0.27375 0.08630393996247655 0.085
2 0.6463414634146342 0.38375000000000004 0.09943714821763602 0.1125
2 0.40337711069418386 0.2525 0.10131332082551595 0.1075
2 0.019699812382739212 0.2175 0.043151969981238276 0.085
2 0.9061913696060038 0.039375 0.06378986866791744 0.07125000000000001
2 0.3198874296435272 0.185625 0.08067542213883677 0.09375
2 0.9821763602251408 0.173125 0.03189493433395872 0.09625
2 0.9530956848030019 0.4275 0.08630393996247655 0.155
2 0.9277673545966229 0.55875 0.14071294559099437 0.1575
2 0.5694183864915572 0.008125 0.058161350844277676 0.01875