2 0.72375 0.26884920634920634 0.1525 0.17658730158730157
2 0.176875 0.810515873015873 0.27625 0.2599206349206349
2 0.11937500000000001 0.38095238095238093 0.21125 0.2103174603174603
2 0.69625 0.1121031746031746 0.13 0.1607142857142857
2 0.065625 0.6101190476190476 0.12625 0.2361111111111111
2 0.2925 0.4821428571428571 0.1925 0.23412698412698413
2 0.404375 0.11607142857142856 0.13625 0.16468253968253968
2 0.848125 0.0625 0.12125 0.12896825396825395
2 0.3425 0.27579365079365076 0.145 0.1865079365079365
2 0.698125 0.4871031746031746 0.16875 0.22023809523809523
2 0.044375 0.2718253968253968 0.08875 0.20238095238095238
2 0.27 0.061507936507936505 0.135 0.12301587301587301
2 0.53 0.1884920634920635 0.1375 0.15476190476190477
2 0.530625 0.371031746031746 0.17625 0.21825396825396826
2 0.88875 0.185515873015873 0.14 0.16865079365079363
2 0.900625 0.371031746031746 0.15625 0.23412698412698413
2 0.961875 0.034722222222222224 0.07375 0.06944444444444445
2 0.46187500000000004 0.6349206349206349 0.23125 0.26190476190476186
2 0.206875 0.19047619047619047 0.17125 0.16666666666666666
2 0.075625 0.12003968253968253 0.11125 0.16865079365079363
2 0.743125 0.7976190476190476 0.22625 0.25396825396825395
2 0.581875 0.06051587301587301 0.11875000000000001 0.125
2 0.93375 0.6190476190476191 0.125 0.28174603174603174
2 0.455 0.9246031746031745 0.2575 0.1349206349206349
2 0.15937500000000002 0.031746031746031744 0.12625 0.06746031746031746
2 0.938125 0.9027777777777777 0.12125 0.19047619047619047
2 0.72 0.026785714285714284 0.10250000000000001 0.057539682539682536
2 0.021875000000000002 0.06448412698412698 0.043750000000000004 0.13293650793650794
2 0.433125 0.026785714285714284 0.10875 0.057539682539682536