2 0.51875 0.805 0.1075 0.24000000000000002
2 0.090625 0.755 0.07375 0.16666666666666669
2 0.8175 0.8275 0.1325 0.28500000000000003
2 0.71125 0.8025000000000001 0.0675 0.20833333333333334
2 0.28 0.8 0.10250000000000001 0.22666666666666668
2 0.36062500000000003 0.755 0.06625 0.19333333333333336
2 0.41250000000000003 0.7533333333333334 0.055 0.17
2 0.89875 0.7775000000000001 0.0775 0.1716666666666667
2 0.19375 0.7400000000000001 0.0575 0.16
2 0.573125 0.75 0.04875 0.16666666666666669
2 0.41375 0.755 0.0575 0.18333333333333335