4 0.471875 0.20555555555555557 0.05416666666666667 0.08148148148148149
4 0.5072916666666667 0.4898148148148148 0.1 0.17962962962962964
4 0.5510416666666667 0.18796296296296297 0.052083333333333336 0.09814814814814815
4 0.6265625 0.31574074074074077 0.07395833333333333 0.13148148148148148
4 0.64375 0.17500000000000002 0.04791666666666666 0.08333333333333334
4 0.5848958333333333 0.13148148148148148 0.042708333333333334 0.06666666666666667
4 0.8312499999999999 0.14814814814814814 0.05625 0.07407407407407407
4 0.7963541666666667 0.22314814814814815 0.06979166666666667 0.09074074074074075
4 0.6463541666666667 0.12037037037037038 0.036458333333333336 0.06296296296296297
5 0.5958333333333333 0.07592592592592592 0.03958333333333333 0.08888888888888889
5 0.8942708333333333 0.2111111111111111 0.08020833333333333 0.12962962962962962
4 0.425 0.17592592592592593 0.06875 0.07407407407407407
4 0.9453125 0.3944444444444445 0.10729166666666666 0.15185185185185185
3 0.48854166666666665 0.09907407407407408 0.125 0.1574074074074074