4 0.6973958333333333 0.017592592592592594 0.017708333333333333 0.03518518518518519
4 0.15208333333333332 0.49259259259259264 0.125 0.15925925925925927
4 0.7239583333333334 0.025 0.025 0.016666666666666666
4 0.71875 0.010185185185185186 0.01875 0.020370370370370372
4 0.3020833333333333 0.34074074074074073 0.07291666666666667 0.10370370370370371
4 0.725 0.05092592592592593 0.027083333333333334 0.03888888888888889
4 0.7614583333333333 0.03518518518518519 0.025 0.02962962962962963
4 0.7630208333333334 0.05648148148148149 0.026041666666666668 0.024074074074074074
5 0.6791666666666667 0.02962962962962963 0.020833333333333332 0.040740740740740744
4 0.7859375 0.04722222222222222 0.030208333333333334 0.04259259259259259
4 0.6734375 0.18888888888888888 0.04895833333333333 0.07777777777777778
4 0.6088541666666667 0.1287037037037037 0.034375 0.05740740740740741
4 0.7640625 0.09166666666666667 0.036458333333333336 0.0462962962962963
4 0.8052083333333333 0.09722222222222222 0.03958333333333333 0.03518518518518519
4 0.8119791666666667 0.12962962962962962 0.04895833333333333 0.05925925925925926
4 0.8739583333333333 0.10740740740740741 0.06458333333333333 0.06296296296296297
4 0.5890625 0.03425925925925926 0.021875 0.03518518518518519
4 0.6197916666666666 0.020370370370370372 0.020833333333333332 0.040740740740740744
4 0.5447916666666667 0.03333333333333333 0.020833333333333332 0.03333333333333333
3 0.5223958333333333 0.17685185185185187 0.08645833333333333 0.19444444444444445