4 0.5151041666666667 0.20555555555555557 0.051041666666666666 0.08148148148148149
4 0.6854166666666667 0.8055555555555556 0.15833333333333333 0.31851851851851853
5 0.5994791666666667 0.32962962962962966 0.090625 0.17037037037037037
4 0.5864583333333333 0.25 0.05416666666666667 0.0962962962962963
4 0.8802083333333334 0.7185185185185186 0.17708333333333334 0.35185185185185186
4 0.6421875 0.1712962962962963 0.059375 0.08703703703703704
3 0.5083333333333333 0.06018518518518519 0.04583333333333333 0.12037037037037038
4 0.5651041666666666 0.07592592592592592 0.028125 0.04814814814814815
4 0.628125 0.10277777777777779 0.0375 0.05
4 0.7395833333333334 0.1462962962962963 0.0625 0.07037037037037037
4 0.5973958333333333 0.05925925925925926 0.030208333333333334 0.04814814814814815
3 0.4510416666666667 0.46851851851851856 0.17083333333333334 0.5111111111111112