4 0.33489583333333334 0.22222222222222224 0.04895833333333333 0.07037037037037037
4 0.4817708333333333 0.4481481481481482 0.09479166666666666 0.1925925925925926
5 0.3260416666666667 0.3842592592592593 0.10208333333333333 0.20925925925925926
4 0.6421875 0.13333333333333333 0.03229166666666666 0.05555555555555556
4 0.5786458333333333 0.10648148148148148 0.030208333333333334 0.05
4 0.6973958333333333 0.1851851851851852 0.04479166666666667 0.06666666666666667
4 0.696875 0.23240740740740742 0.058333333333333334 0.09074074074074075
4 0.43385416666666665 0.25462962962962965 0.051041666666666666 0.07592592592592592
4 0.384375 0.2351851851851852 0.04583333333333333 0.07407407407407407
4 0.5161458333333333 0.15555555555555556 0.03229166666666666 0.05185185185185186
4 0.7671875 0.3138888888888889 0.065625 0.10555555555555556
4 0.4536458333333333 0.14166666666666666 0.034375 0.05
4 0.49114583333333334 0.09537037037037037 0.02395833333333333 0.04259259259259259
4 0.5296875 0.11851851851851852 0.028125 0.044444444444444446
4 0.8848958333333333 0.6527777777777778 0.15520833333333334 0.20925925925925926
3 0.703125 0.11481481481481481 0.06666666666666667 0.11111111111111112