4 0.6130208333333333 0.14074074074074075 0.03229166666666666 0.04814814814814815
4 0.6286458333333333 0.22962962962962963 0.046875 0.07037037037037037
4 0.4010416666666667 0.1675925925925926 0.035416666666666666 0.05740740740740741
4 0.46822916666666664 0.13333333333333333 0.028125 0.05555555555555556
4 0.5192708333333333 0.10277777777777779 0.02395833333333333 0.04259259259259259
4 0.6260416666666666 0.3111111111111111 0.06875 0.0962962962962963
4 0.7953125 0.47500000000000003 0.10729166666666666 0.1537037037037037
4 0.503125 0.07407407407407407 0.022916666666666665 0.037037037037037035
4 0.7375 0.6888888888888889 0.14791666666666667 0.24444444444444446
3 0.9270833333333334 0.4324074074074074 0.14375 0.40555555555555556
3 0.7270833333333333 0.2601851851851852 0.12083333333333333 0.25
3 0.2895833333333333 0.37777777777777777 0.16666666666666666 0.3592592592592593