4 0.6125 0.1425925925925926 0.03333333333333333 0.04814814814814815
4 0.6296875 0.2388888888888889 0.04895833333333333 0.07037037037037037
4 0.403125 0.16666666666666669 0.03333333333333333 0.05925925925925926
4 0.4713541666666667 0.12407407407407407 0.030208333333333334 0.04814814814814815
4 0.5213541666666667 0.10092592592592593 0.028125 0.04259259259259259
4 0.628125 0.32685185185185184 0.07083333333333333 0.10925925925925926
4 0.803125 0.49259259259259264 0.1125 0.16666666666666669
4 0.503125 0.0712962962962963 0.022916666666666665 0.03518518518518519
4 0.7479166666666667 0.7305555555555556 0.15833333333333333 0.2611111111111111
3 0.928125 0.4342592592592593 0.14166666666666666 0.40555555555555556
3 0.73125 0.2675925925925926 0.11875 0.2537037037037037
3 0.3 0.35462962962962963 0.15416666666666667 0.3314814814814815