4 0.6958333333333333 0.05740740740740741 0.020833333333333332 0.03333333333333333
4 0.7072916666666667 0.06296296296296297 0.025 0.037037037037037035
4 0.31979166666666664 0.30092592592592593 0.07916666666666666 0.09444444444444444
4 0.73125 0.06759259259259259 0.022916666666666665 0.020370370370370372
4 0.728125 0.04166666666666667 0.020833333333333332 0.02777777777777778
4 0.7489583333333333 0.016666666666666666 0.016666666666666666 0.03333333333333333
4 0.7479166666666667 0.0462962962962963 0.029166666666666667 0.02592592592592593
4 0.7447916666666666 0.08703703703703704 0.029166666666666667 0.044444444444444446
4 0.7661458333333333 0.07407407407407407 0.02395833333333333 0.044444444444444446
4 0.6239583333333333 0.7537037037037038 0.12083333333333333 0.2518518518518519
4 0.49114583333333334 0.2064814814814815 0.057291666666666664 0.06851851851851852
4 0.8901041666666667 0.8231481481481482 0.146875 0.19814814814814816
4 0.73125 0.10462962962962963 0.025 0.0462962962962963
4 0.7921875 0.10092592592592593 0.02395833333333333 0.03888888888888889
4 0.7229166666666667 0.3675925925925926 0.08333333333333333 0.13148148148148148
4 0.7760416666666666 0.12407407407407407 0.035416666666666666 0.05185185185185186
5 0.7161458333333334 0.1212962962962963 0.036458333333333336 0.061111111111111116
4 0.653125 0.17222222222222222 0.041666666666666664 0.06666666666666667
4 0.84375 0.15555555555555556 0.04583333333333333 0.07407407407407407
4 0.5838541666666667 0.049074074074074076 0.019791666666666666 0.031481481481481485
4 0.5947916666666666 0.03796296296296296 0.014583333333333334 0.02777777777777778
4 0.8880208333333334 0.2490740740740741 0.065625 0.08703703703703704
4 0.990625 0.3027777777777778 0.016666666666666666 0.06851851851851852
3 0.5447916666666667 0.075 0.041666666666666664 0.09814814814814815