4 0.5802083333333333 0.6064814814814815 0.12083333333333333 0.2388888888888889
4 0.4817708333333333 0.10462962962962963 0.02395833333333333 0.0462962962962963
5 0.5755208333333334 0.1277777777777778 0.03229166666666666 0.05185185185185186
4 0.571875 0.09074074074074075 0.027083333333333334 0.04814814814814815
4 0.6354166666666666 0.12407407407407407 0.0375 0.05925925925925926
4 0.6145833333333334 0.07685185185185185 0.03125 0.05
4 0.8770833333333333 0.17592592592592593 0.0625 0.07777777777777778
4 0.6598958333333333 0.05185185185185186 0.02395833333333333 0.03333333333333333
5 0.7026041666666667 0.05555555555555556 0.026041666666666668 0.040740740740740744
4 0.5520833333333334 0.06481481481481481 0.025 0.037037037037037035
3 0.515625 0.15555555555555556 0.08541666666666667 0.16666666666666669