4 0.6598958333333333 0.4351851851851852 0.096875 0.16296296296296298
4 0.5979166666666667 0.32592592592592595 0.07708333333333334 0.12592592592592594
5 0.6255208333333333 0.23611111111111113 0.06145833333333333 0.1277777777777778
4 0.5645833333333333 0.2138888888888889 0.05416666666666667 0.08703703703703704
4 0.84375 0.5148148148148148 0.13958333333333334 0.25925925925925924
4 0.6130208333333333 0.15 0.04895833333333333 0.06666666666666667
5 0.7161458333333334 0.20833333333333334 0.06354166666666666 0.12407407407407407
4 0.7791666666666667 0.04166666666666667 0.029166666666666667 0.0462962962962963
4 0.675 0.1425925925925926 0.04583333333333333 0.07777777777777778
4 0.8291666666666666 0.05648148148148149 0.03958333333333333 0.05
4 0.7880208333333333 0.08240740740740742 0.042708333333333334 0.053703703703703705
4 0.6645833333333333 0.10462962962962963 0.03958333333333333 0.05
4 0.5973958333333333 0.07407407407407407 0.034375 0.05555555555555556
4 0.8807291666666667 0.16203703703703703 0.059375 0.07222222222222223
4 0.9140625 0.28055555555555556 0.09270833333333334 0.12407407407407407
4 0.9630208333333333 0.22685185185185186 0.071875 0.09444444444444444
3 0.4583333333333333 0.5740740740740741 0.21458333333333332 0.6666666666666667