4 0.3885416666666667 0.6157407407407408 0.12708333333333333 0.20925925925925926
5 0.4635416666666667 0.312962962962963 0.07708333333333334 0.16296296296296298
4 0.6885416666666666 0.8101851851851852 0.16875 0.37592592592592594
4 0.6395833333333333 0.35555555555555557 0.06875 0.13333333333333333
4 0.7807291666666667 0.11111111111111112 0.040625 0.05925925925925926
4 0.5390625 0.16666666666666669 0.06145833333333333 0.06296296296296297
4 0.7526041666666666 0.16666666666666669 0.053125 0.08148148148148149
4 0.603125 0.13425925925925927 0.0375 0.06481481481481481
4 0.5786458333333333 0.11666666666666667 0.034375 0.05555555555555556
4 0.6552083333333333 0.14814814814814814 0.03958333333333333 0.06666666666666667
4 0.8369791666666666 0.31666666666666665 0.08229166666666667 0.10740740740740741
3 0.4869791666666667 0.12407407407407407 0.12604166666666666 0.15925925925925927