4 0.3333333333333333 0.22777777777777777 0.04583333333333333 0.07777777777777778
4 0.6317708333333333 0.11388888888888889 0.026041666666666668 0.05
4 0.5755208333333334 0.07777777777777778 0.021875 0.040740740740740744
4 0.6817708333333333 0.13796296296296298 0.034375 0.053703703703703705
4 0.6666666666666666 0.1787037037037037 0.04791666666666666 0.07222222222222223
4 0.3234375 0.5564814814814815 0.109375 0.17592592592592593
4 0.21458333333333332 0.513888888888889 0.10833333333333334 0.1462962962962963
4 0.5036458333333333 0.225 0.04479166666666667 0.07222222222222223
4 0.7348958333333333 0.20370370370370372 0.04895833333333333 0.06666666666666667
4 0.42552083333333335 0.23425925925925928 0.046875 0.07592592592592592
4 0.47604166666666664 0.12685185185185185 0.027083333333333334 0.05
4 0.5255208333333333 0.16944444444444445 0.03854166666666667 0.061111111111111116
4 0.7411458333333333 0.35462962962962963 0.078125 0.11666666666666667
4 0.8963541666666667 0.4046296296296297 0.10104166666666667 0.13148148148148148
4 0.509375 0.11481481481481481 0.029166666666666667 0.044444444444444446
4 0.4588541666666667 0.10370370370370371 0.021875 0.037037037037037035
3 0.6713541666666667 0.08888888888888889 0.051041666666666666 0.08888888888888889