4 0.5046875 0.17407407407407408 0.036458333333333336 0.07407407407407407
4 0.5901041666666667 0.2388888888888889 0.04895833333333333 0.08148148148148149
5 0.521875 0.2101851851851852 0.04791666666666666 0.11296296296296297
4 0.5697916666666667 0.16018518518518518 0.04375 0.06851851851851852
4 0.6739583333333333 0.07222222222222223 0.035416666666666666 0.04814814814814815
4 0.6921875 0.04814814814814815 0.030208333333333334 0.040740740740740744
4 0.6177083333333333 0.13240740740740742 0.04791666666666666 0.07222222222222223
4 0.7010416666666667 0.3 0.06875 0.12592592592592594
4 0.7505208333333333 0.11388888888888889 0.04895833333333333 0.061111111111111116
4 0.5713541666666666 0.05740740740740741 0.026041666666666668 0.04814814814814815
3 0.515625 0.04259259259259259 0.0375 0.08518518518518518
4 0.9088541666666666 0.23796296296296296 0.08229166666666667 0.10925925925925926
3 0.44895833333333335 0.46944444444444444 0.17291666666666666 0.5092592592592593