4 0.48541666666666666 0.1388888888888889 0.03125 0.05555555555555556
4 0.6994791666666667 0.8351851851851853 0.15104166666666666 0.2740740740740741
4 0.6020833333333333 0.34351851851851856 0.06875 0.11666666666666667
4 0.5760416666666667 0.16296296296296298 0.041666666666666664 0.07037037037037037
4 0.6578125 0.18333333333333335 0.04479166666666667 0.07407407407407407
5 0.5109375 0.15925925925925927 0.04895833333333333 0.08888888888888889
4 0.5541666666666667 0.09814814814814815 0.027083333333333334 0.044444444444444446
4 0.7557291666666667 0.19074074074074074 0.06354166666666666 0.08518518518518518
4 0.8755208333333333 0.2240740740740741 0.071875 0.0925925925925926
4 0.5583333333333333 0.05925925925925926 0.027083333333333334 0.044444444444444446
4 0.5921875 0.05555555555555556 0.028125 0.044444444444444446
3 0.4484375 0.47870370370370374 0.16770833333333332 0.5055555555555555