4 0.5958333333333333 0.08611111111111111 0.025 0.03518518518518519
5 0.3703125 0.3824074074074074 0.08645833333333333 0.17222222222222222
4 0.6151041666666667 0.21944444444444444 0.04895833333333333 0.07222222222222223
4 0.64375 0.3888888888888889 0.08541666666666667 0.11481481481481481
4 0.4265625 0.13425925925925927 0.030208333333333334 0.0462962962962963
4 0.4822916666666667 0.1 0.025 0.040740740740740744
4 0.525 0.07777777777777778 0.025 0.040740740740740744
4 0.6869791666666667 0.6 0.128125 0.2
4 0.9072916666666666 0.7592592592592593 0.14583333333333334 0.25925925925925924
3 0.9328124999999999 0.44537037037037036 0.13229166666666667 0.3907407407407408
3 0.7901041666666666 0.3851851851851852 0.184375 0.37777777777777777
3 0.3734375 0.20462962962962963 0.08229166666666667 0.17592592592592593