4 0.4661458333333333 0.18796296296296297 0.057291666666666664 0.07962962962962963
5 0.6645833333333333 0.5157407407407407 0.12291666666666666 0.26851851851851855
4 0.6286458333333333 0.3509259259259259 0.078125 0.12407407407407407
4 0.5484375 0.16296296296296298 0.040625 0.07037037037037037
4 0.7817708333333333 0.062037037037037036 0.03229166666666666 0.053703703703703705
4 0.690625 0.2351851851851852 0.07291666666666667 0.11111111111111112
4 0.5666666666666667 0.11574074074074074 0.03125 0.05740740740740741
4 0.625 0.10648148148148148 0.0375 0.05740740740740741
4 0.6635416666666667 0.13796296296296298 0.041666666666666664 0.06851851851851852
4 0.8333333333333334 0.1675925925925926 0.05416666666666667 0.08333333333333334
4 0.5552083333333333 0.05462962962962963 0.029166666666666667 0.04259259259259259
3 0.45416666666666666 0.4814814814814815 0.17708333333333334 0.4740740740740741