4 0.596875 0.07407407407407407 0.020833333333333332 0.037037037037037035
5 0.253125 0.6435185185185185 0.15208333333333332 0.29444444444444445
4 0.6135416666666667 0.17685185185185187 0.03958333333333333 0.061111111111111116
4 0.6322916666666667 0.3101851851851852 0.06041666666666667 0.09444444444444444
4 0.41510416666666666 0.14722222222222223 0.030208333333333334 0.053703703703703705
4 0.4765625 0.11018518518518519 0.026041666666666668 0.0462962962962963
4 0.5234375 0.08611111111111111 0.02395833333333333 0.03888888888888889
4 0.6526041666666667 0.4462962962962963 0.08854166666666667 0.13703703703703704
4 0.859375 0.6185185185185186 0.14791666666666667 0.20370370370370372
4 0.5052083333333334 0.0638888888888889 0.01875 0.031481481481481485
3 0.9317708333333333 0.44722222222222224 0.134375 0.40185185185185185
3 0.7604166666666666 0.3231481481481482 0.15 0.32037037037037036
3 0.3463541666666667 0.2537037037037037 0.103125 0.22222222222222224