3 0.484375 0.15833333333333333 0.08541666666666667 0.25
4 0.7375 0.8777777777777778 0.18125 0.1962962962962963
5 0.8822916666666667 0.6 0.1875 0.34074074074074073
4 0.6359375 0.3907407407407408 0.08020833333333333 0.15185185185185185
4 0.6052083333333333 0.24444444444444446 0.06666666666666667 0.0925925925925926
4 0.5833333333333334 0.1277777777777778 0.041666666666666664 0.05555555555555556
4 0.6958333333333333 0.044444444444444446 0.03125 0.040740740740740744
4 0.78125 0.07314814814814816 0.04375 0.0462962962962963
4 0.6104166666666666 0.08240740740740742 0.0375 0.061111111111111116
4 0.540625 0.05648148148148149 0.029166666666666667 0.03888888888888889
4 0.7270833333333333 0.12685185185185185 0.04375 0.06481481481481481
4 0.49322916666666666 0.13518518518518519 0.078125 0.07407407407407407
4 0.853125 0.1962962962962963 0.07291666666666667 0.07777777777777778
3 0.40781249999999997 0.75 0.32395833333333335 0.4962962962962963