4 0.33177083333333335 0.22870370370370371 0.04895833333333333 0.06851851851851852
4 0.6645833333333333 0.1 0.025 0.044444444444444446
4 0.49374999999999997 0.30462962962962964 0.07083333333333333 0.13148148148148148
4 0.5796875 0.10462962962962963 0.026041666666666668 0.04259259259259259
5 0.38385416666666666 0.2611111111111111 0.065625 0.14444444444444446
4 0.6494791666666666 0.15185185185185185 0.03854166666666667 0.06666666666666667
4 0.58125 0.13333333333333333 0.03333333333333333 0.04814814814814815
4 0.4421875 0.712037037037037 0.121875 0.2537037037037037
4 0.7104166666666667 0.22962962962962963 0.052083333333333336 0.08148148148148149
4 0.7203125 0.2888888888888889 0.06770833333333333 0.10740740740740741
4 0.459375 0.18703703703703706 0.041666666666666664 0.06296296296296297
4 0.4161458333333333 0.17592592592592593 0.036458333333333336 0.05185185185185186
4 0.5177083333333333 0.13148148148148148 0.029166666666666667 0.044444444444444446
4 0.7927083333333333 0.4287037037037037 0.09375 0.1388888888888889
4 0.4588541666666667 0.11388888888888889 0.028125 0.04259259259259259
4 0.4953125 0.08703703703703704 0.021875 0.040740740740740744
4 0.53125 0.1 0.025 0.037037037037037035
3 0.7223958333333333 0.13703703703703704 0.078125 0.12592592592592594
3 0.6265625 0.09907407407407408 0.04479166666666667 0.10925925925925926