4 0.7765625 0.11944444444444445 0.028125 0.04259259259259259
4 0.7135416666666666 0.10833333333333334 0.029166666666666667 0.03888888888888889
4 0.6421875 0.562962962962963 0.096875 0.1851851851851852
4 0.6869791666666667 0.40740740740740744 0.08229166666666667 0.12962962962962962
4 0.8921875 0.20185185185185187 0.04895833333333333 0.06666666666666667
4 0.6651041666666666 0.25925925925925924 0.051041666666666666 0.08518518518518518
4 0.5822916666666667 0.1712962962962963 0.035416666666666666 0.06481481481481481
4 0.5270833333333333 0.16296296296296298 0.03333333333333333 0.06296296296296297
4 0.64375 0.15833333333333333 0.03333333333333333 0.053703703703703705
5 0.5786458333333333 0.10648148148148148 0.026041666666666668 0.05740740740740741
3 0.8182291666666667 0.11018518518518519 0.084375 0.1462962962962963