4 0.6723958333333333 0.016666666666666666 0.019791666666666666 0.03333333333333333
4 0.64375 0.014814814814814815 0.020833333333333332 0.02962962962962963
4 0.6848958333333334 0.03425925925925926 0.02395833333333333 0.031481481481481485
4 0.7109375 0.062037037037037036 0.03229166666666666 0.0462962962962963
5 0.7489583333333333 0.11666666666666667 0.03958333333333333 0.06666666666666667
4 0.7385416666666667 0.09722222222222222 0.029166666666666667 0.0462962962962963
4 0.6276041666666666 0.47314814814814815 0.10520833333333333 0.1685185185185185
4 0.8942708333333333 0.19907407407407407 0.06354166666666666 0.07592592592592592
4 0.8583333333333333 0.31203703703703706 0.0875 0.10925925925925926
4 0.9333333333333333 0.2777777777777778 0.07708333333333334 0.1
3 0.4239583333333333 0.5305555555555556 0.20625 0.6537037037037037