5 0.7015625 0.8101851851851852 0.146875 0.3277777777777778
4 0.6630208333333333 0.40740740740740744 0.08020833333333333 0.14814814814814814
4 0.5213541666666667 0.13703703703703704 0.036458333333333336 0.06666666666666667
5 0.6052083333333333 0.19444444444444445 0.052083333333333336 0.11481481481481481
4 0.9255208333333333 0.7824074074074074 0.146875 0.29074074074074074
5 0.7682291666666666 0.05925925925925926 0.034375 0.05555555555555556
4 0.5645833333333333 0.32962962962962966 0.06875 0.11851851851851852
4 0.5885416666666666 0.14444444444444446 0.0375 0.07407407407407407
4 0.8046875 0.1 0.042708333333333334 0.05555555555555556
4 0.6963541666666666 0.17314814814814816 0.057291666666666664 0.08703703703703704
4 0.5526041666666667 0.07962962962962963 0.030208333333333334 0.05185185185185186
4 0.8984375 0.19166666666666668 0.06354166666666666 0.09074074074074075
4 0.6083333333333333 0.05648148148148149 0.03333333333333333 0.05
3 0.45468749999999997 0.4777777777777778 0.17604166666666665 0.4777777777777778