4 0.4161458333333333 0.5398148148148149 0.109375 0.17222222222222222
5 0.47760416666666666 0.2851851851851852 0.07395833333333333 0.14444444444444446
4 0.6822916666666666 0.674074074074074 0.1375 0.35185185185185186
4 0.6421875 0.3111111111111111 0.06145833333333333 0.11481481481481481
4 0.7885416666666667 0.12592592592592594 0.04375 0.05925925925925926
4 0.5463541666666667 0.16111111111111112 0.059375 0.06296296296296297
4 0.7619791666666667 0.18888888888888888 0.05520833333333333 0.08518518518518518
4 0.6026041666666666 0.12592592592592594 0.036458333333333336 0.06296296296296297
4 0.5755208333333334 0.11296296296296297 0.034375 0.05555555555555556
4 0.6546875 0.13518518518518519 0.03854166666666667 0.06296296296296297
4 0.865625 0.3740740740740741 0.09583333333333333 0.12962962962962962
3 0.48802083333333335 0.12314814814814816 0.128125 0.1574074074074074