4 0.33177083333333335 0.22592592592592595 0.04895833333333333 0.07037037037037037
4 0.6744791666666666 0.10925925925925926 0.030208333333333334 0.044444444444444446
4 0.4927083333333333 0.25 0.05625 0.10740740740740741
4 0.5802083333333333 0.11666666666666667 0.029166666666666667 0.04814814814814815
5 0.4067708333333333 0.21574074074074076 0.053125 0.12037037037037038
4 0.6557291666666667 0.1638888888888889 0.040625 0.06851851851851852
4 0.5859375 0.1462962962962963 0.034375 0.05555555555555556
4 0.4765625 0.4398148148148148 0.08020833333333333 0.1574074074074074
4 0.7244791666666667 0.25092592592592594 0.06145833333333333 0.07592592592592592
4 0.7395833333333334 0.3194444444444445 0.08125 0.12037037037037038
4 0.46979166666666666 0.1574074074074074 0.0375 0.05555555555555556
4 0.4265625 0.1462962962962963 0.03229166666666666 0.04814814814814815
4 0.51875 0.11481481481481481 0.025 0.040740740740740744
4 0.8312499999999999 0.5305555555555556 0.12083333333333333 0.17592592592592593
4 0.4614583333333333 0.09537037037037037 0.022916666666666665 0.03518518518518519
4 0.49895833333333334 0.07592592592592592 0.020833333333333332 0.03333333333333333
4 0.5317708333333333 0.08148148148148149 0.021875 0.02962962962962963
3 0.7401041666666667 0.15185185185185185 0.08645833333333333 0.13703703703703704
3 0.6291666666666667 0.10092592592592593 0.04791666666666666 0.10925925925925926