4 0.6854166666666667 0.6027777777777777 0.12916666666666665 0.2240740740740741
5 0.65625 0.35000000000000003 0.08541666666666667 0.18888888888888888
4 0.5932291666666667 0.2898148148148148 0.06770833333333333 0.11666666666666667
4 0.6223958333333334 0.20462962962962963 0.06145833333333333 0.09814814814814815
5 0.8427083333333333 0.4759259259259259 0.12083333333333333 0.2518518518518519
4 0.7432291666666666 0.26666666666666666 0.071875 0.13333333333333333
4 0.7453125 0.02962962962962963 0.03229166666666666 0.040740740740740744
4 0.7125 0.1962962962962963 0.06041666666666667 0.08888888888888889
4 0.6052083333333333 0.12037037037037038 0.041666666666666664 0.07037037037037037
4 0.7953125 0.07407407407407407 0.040625 0.05185185185185186
4 0.8156249999999999 0.12407407407407407 0.052083333333333336 0.07777777777777778
4 0.8817708333333333 0.10370370370370371 0.04479166666666667 0.05925925925925926
4 0.6661458333333333 0.08148148148148149 0.03854166666666667 0.05555555555555556
5 0.5807291666666666 0.06574074074074074 0.028125 0.06481481481481481
4 0.9182291666666667 0.17037037037037037 0.06770833333333333 0.08148148148148149
4 0.6041666666666666 0.04814814814814815 0.029166666666666667 0.044444444444444446
4 0.9567708333333333 0.3740740740740741 0.084375 0.14074074074074075
3 0.43906249999999997 0.6342592592592593 0.259375 0.6981481481481482