4 0.659375 0.46481481481481485 0.09583333333333333 0.17407407407407408
4 0.7484375 0.03888888888888889 0.030208333333333334 0.044444444444444446
4 0.6109375 0.2888888888888889 0.065625 0.10740740740740741
4 0.8166666666666667 0.5851851851851853 0.11666666666666667 0.21851851851851853
4 0.7958333333333333 0.04166666666666667 0.03333333333333333 0.04259259259259259
4 0.7765625 0.06759259259259259 0.034375 0.0462962962962963
5 0.6182291666666666 0.18333333333333335 0.04479166666666667 0.0925925925925926
4 0.8036458333333333 0.08888888888888889 0.036458333333333336 0.05185185185185186
4 0.6109375 0.11851851851851852 0.03854166666666667 0.04814814814814815
4 0.86875 0.09907407407407408 0.04791666666666666 0.061111111111111116
4 0.7640625 0.1212962962962963 0.046875 0.06851851851851852
4 0.5369791666666667 0.06666666666666667 0.028125 0.04814814814814815
5 0.5921875 0.05925925925925926 0.03229166666666666 0.06296296296296297
4 0.6583333333333333 0.08796296296296297 0.035416666666666666 0.053703703703703705
5 0.9093749999999999 0.1814814814814815 0.075 0.11111111111111112
4 0.496875 0.19074074074074074 0.07291666666666667 0.06666666666666667
3 0.4666666666666667 0.4324074074074074 0.15833333333333333 0.4277777777777778