4 0.7911458333333333 0.053703703703703705 0.034375 0.04814814814814815
4 0.775 0.09537037037037037 0.03958333333333333 0.053703703703703705
4 0.5692708333333333 0.18888888888888888 0.04479166666666667 0.07777777777777778
4 0.6015625 0.13425925925925927 0.03854166666666667 0.061111111111111116
4 0.6791666666666667 0.18425925925925926 0.052083333333333336 0.07962962962962963
4 0.7130208333333333 0.787962962962963 0.14895833333333333 0.29074074074074074
4 0.8114583333333333 0.1425925925925926 0.05 0.06666666666666667
4 0.5411458333333333 0.12592592592592594 0.03229166666666666 0.05555555555555556
5 0.5958333333333333 0.0925925925925926 0.03125 0.05925925925925926
4 0.6536458333333334 0.10740740740740741 0.03854166666666667 0.05555555555555556
4 0.8932291666666666 0.2111111111111111 0.065625 0.08888888888888889
4 0.5369791666666667 0.08518518518518518 0.028125 0.040740740740740744
4 0.6182291666666666 0.07314814814814816 0.03229166666666666 0.05
3 0.45729166666666665 0.5962962962962963 0.21458333333333332 0.674074074074074