4 0.7171875 0.8907407407407407 0.178125 0.21481481481481482
4 0.64375 0.46481481481481485 0.10208333333333333 0.16666666666666669
4 0.7546875 0.05092592592592593 0.028125 0.0462962962962963
5 0.6291666666666667 0.27592592592592596 0.058333333333333334 0.12592592592592594
4 0.7760416666666666 0.0638888888888889 0.03333333333333333 0.0462962962962963
4 0.6270833333333333 0.18333333333333335 0.04583333333333333 0.07037037037037037
4 0.81875 0.06018518518518519 0.0375 0.0462962962962963
4 0.7171875 0.06851851851851852 0.034375 0.04814814814814815
4 0.5338541666666666 0.09444444444444444 0.030208333333333334 0.05555555555555556
5 0.5979166666666667 0.09444444444444444 0.035416666666666666 0.07407407407407407
4 0.6963541666666666 0.16666666666666669 0.04895833333333333 0.08148148148148149
5 0.8395833333333333 0.1212962962962963 0.05416666666666667 0.08703703703703704
4 0.5255208333333333 0.22314814814814815 0.06145833333333333 0.08333333333333334
4 0.5744791666666667 0.07037037037037037 0.026041666666666668 0.05185185185185186
4 0.9192708333333334 0.20740740740740743 0.07604166666666666 0.08888888888888889
4 0.6447916666666667 0.05925925925925926 0.03333333333333333 0.05555555555555556
3 0.4588541666666667 0.4777777777777778 0.17604166666666665 0.4777777777777778