4 0.44635416666666666 0.6240740740740741 0.134375 0.2518518518518519
4 0.6645833333333333 0.3712962962962963 0.075 0.1425925925925926
4 0.5322916666666666 0.3101851851851852 0.07083333333333333 0.12037037037037038
4 0.4671875 0.2101851851851852 0.053125 0.08333333333333334
4 0.6416666666666666 0.2175925925925926 0.058333333333333334 0.12037037037037038
4 0.5692708333333333 0.17777777777777778 0.04895833333333333 0.08888888888888889
4 0.6380208333333334 0.08148148148148149 0.03229166666666666 0.05555555555555556
4 0.5942708333333333 0.075 0.028125 0.0462962962962963
4 0.7942708333333334 0.2490740740740741 0.06770833333333333 0.09814814814814815
4 0.85 0.21666666666666667 0.06458333333333333 0.0925925925925926
4 0.8947916666666667 0.1574074074074074 0.06041666666666667 0.07407407407407407
4 0.8151041666666666 0.11296296296296297 0.051041666666666666 0.06666666666666667
4 0.9104166666666667 0.08240740740740742 0.07916666666666666 0.05740740740740741
4 0.5807291666666666 0.13148148148148148 0.03854166666666667 0.06296296296296297
5 0.5666666666666667 0.09814814814814815 0.03958333333333333 0.07037037037037037
3 0.4848958333333333 0.10925925925925926 0.12604166666666666 0.15555555555555556