4 0.6770833333333334 0.6018518518518519 0.11875 0.22962962962962963
4 0.7432291666666666 0.03518518518518519 0.030208333333333334 0.040740740740740744
4 0.6192708333333333 0.3453703703703704 0.078125 0.1277777777777778
4 0.8614583333333333 0.8518518518518519 0.1625 0.26296296296296295
4 0.7822916666666666 0.03333333333333333 0.029166666666666667 0.040740740740740744
4 0.7666666666666666 0.06018518518518519 0.03333333333333333 0.04259259259259259
5 0.621875 0.2138888888888889 0.04791666666666666 0.10925925925925926
4 0.7916666666666666 0.07685185185185185 0.0375 0.05
4 0.6177083333333333 0.14074074074074075 0.041666666666666664 0.05925925925925926
4 0.8463541666666666 0.08055555555555556 0.04479166666666667 0.053703703703703705
4 0.7411458333333333 0.09722222222222222 0.042708333333333334 0.05740740740740741
4 0.5359375 0.07685185185185185 0.030208333333333334 0.053703703703703705
5 0.5958333333333333 0.07222222222222223 0.03333333333333333 0.07037037037037037
4 0.6708333333333333 0.11481481481481481 0.03958333333333333 0.06666666666666667
5 0.8770833333333333 0.15185185185185185 0.06666666666666667 0.1
4 0.5078125 0.20092592592592592 0.06354166666666666 0.07222222222222223
4 0.5708333333333333 0.05092592592592593 0.025 0.0462962962962963
4 0.9671875 0.2638888888888889 0.06354166666666666 0.10555555555555556
3 0.45989583333333334 0.4620370370370371 0.16979166666666667 0.45740740740740743