4 0.7989583333333333 0.625 0.125 0.20185185185185187
4 0.6265625 0.46296296296296297 0.07604166666666666 0.12962962962962962
5 0.484375 0.25 0.09166666666666666 0.0925925925925926
4 0.5901041666666667 0.22592592592592595 0.03854166666666667 0.06296296296296297
5 0.5807291666666666 0.1712962962962963 0.026041666666666668 0.06481481481481481
4 0.61875 0.15 0.029166666666666667 0.044444444444444446
4 0.95 0.3805555555555556 0.08958333333333333 0.09814814814814815
4 0.8489583333333334 0.22314814814814815 0.03958333333333333 0.061111111111111116
4 0.7791666666666667 0.21296296296296297 0.035416666666666666 0.05555555555555556
4 0.7786458333333334 0.19722222222222224 0.042708333333333334 0.05
4 0.7786458333333334 0.17500000000000002 0.04479166666666667 0.05
4 0.7411458333333333 0.16574074074074074 0.034375 0.0462962962962963
4 0.7515625 0.13333333333333333 0.03229166666666666 0.05185185185185186
5 0.725 0.14351851851851852 0.03125 0.053703703703703705
4 0.7088541666666667 0.13611111111111113 0.028125 0.04259259259259259
4 0.6901041666666666 0.1212962962962963 0.026041666666666668 0.03518518518518519
4 0.7239583333333334 0.1175925925925926 0.027083333333333334 0.03518518518518519
4 0.953125 0.46851851851851856 0.09166666666666666 0.12592592592592594
4 0.6005208333333333 0.13055555555555556 0.02395833333333333 0.03888888888888889
3 0.984375 0.2777777777777778 0.029166666666666667 0.17037037037037037