4 0.5229166666666667 0.22037037037037038 0.058333333333333334 0.08518518518518518
5 0.6182291666666666 0.3851851851851852 0.10104166666666667 0.20740740740740743
4 0.5927083333333333 0.2712962962962963 0.05625 0.10185185185185186
4 0.6614583333333334 0.20277777777777778 0.06458333333333333 0.09444444444444444
3 0.5057291666666667 0.0638888888888889 0.046875 0.1277777777777778
4 0.5682291666666667 0.08888888888888889 0.030208333333333334 0.05185185185185186
4 0.6348958333333333 0.12685185185185185 0.040625 0.05740740740740741
4 0.7197916666666666 0.11851851851851852 0.052083333333333336 0.07037037037037037
4 0.6046875 0.07407407407407407 0.030208333333333334 0.044444444444444446
5 0.603125 0.04259259259259259 0.027083333333333334 0.044444444444444446
3 0.44947916666666665 0.4675925925925926 0.171875 0.5092592592592593