5 0.6130208333333333 0.5509259259259259 0.09270833333333334 0.2611111111111111
4 0.8557291666666667 0.6657407407407407 0.165625 0.27222222222222225
4 0.6265625 0.25092592592592594 0.05520833333333333 0.09814814814814815
4 0.7302083333333333 0.036111111111111115 0.027083333333333334 0.03888888888888889
4 0.7510416666666666 0.058333333333333334 0.029166666666666667 0.05
4 0.5979166666666667 0.3805555555555556 0.09583333333333333 0.12407407407407407
4 0.7979166666666666 0.0962962962962963 0.04375 0.05925925925925926
4 0.6854166666666667 0.1787037037037037 0.04791666666666666 0.07962962962962963
4 0.60625 0.11851851851851852 0.0375 0.06296296296296297
4 0.8463541666666666 0.1212962962962963 0.04895833333333333 0.06481481481481481
4 0.746875 0.10370370370370371 0.04375 0.06296296296296297
4 0.8463541666666666 0.0712962962962963 0.040625 0.05
4 0.5979166666666667 0.07407407407407407 0.029166666666666667 0.044444444444444446
4 0.6541666666666667 0.08055555555555556 0.03125 0.053703703703703705
4 0.8734375 0.21944444444444444 0.06770833333333333 0.09074074074074075
4 0.9510416666666667 0.17314814814814816 0.058333333333333334 0.07222222222222223
3 0.5328125 0.13055555555555556 0.06770833333333333 0.1574074074074074