4 0.6197916666666666 0.41111111111111115 0.09375 0.15925925925925927
4 0.6776041666666667 0.8287037037037037 0.16145833333333334 0.30185185185185187
3 0.49895833333333334 0.0962962962962963 0.06041666666666667 0.1925925925925926
4 0.5973958333333333 0.2240740740740741 0.053125 0.0962962962962963
4 0.8541666666666666 0.6240740740740741 0.16875 0.2740740740740741
4 0.6786458333333333 0.22222222222222224 0.06145833333333333 0.08888888888888889
5 0.6520833333333333 0.1388888888888889 0.05 0.0925925925925926
4 0.5744791666666667 0.11296296296296297 0.034375 0.05185185185185186
4 0.7192708333333333 0.0712962962962963 0.036458333333333336 0.05
4 0.5880208333333333 0.07685185185185185 0.03229166666666666 0.0462962962962963
4 0.5526041666666667 0.03981481481481482 0.02395833333333333 0.03518518518518519
4 0.8697916666666666 0.22962962962962963 0.07916666666666666 0.0962962962962963
3 0.4395833333333333 0.5296296296296297 0.19166666666666665 0.6