5 0.6385416666666667 0.6953703703703704 0.10833333333333334 0.30185185185185187
4 0.8083333333333333 0.22777777777777777 0.041666666666666664 0.05185185185185186
4 0.7510416666666666 0.13703703703703704 0.029166666666666667 0.040740740740740744
4 0.7703125 0.16111111111111112 0.034375 0.044444444444444446
4 0.7265625 0.15833333333333333 0.028125 0.04259259259259259
4 0.7057291666666666 0.1425925925925926 0.028125 0.037037037037037035
4 0.8098958333333334 0.2601851851851852 0.053125 0.06851851851851852
4 0.7119791666666666 0.3944444444444445 0.06770833333333333 0.11481481481481481
4 0.5864583333333333 0.3055555555555556 0.05 0.08518518518518518
4 0.5958333333333333 0.23796296296296296 0.03958333333333333 0.06851851851851852
4 0.528125 0.2138888888888889 0.03333333333333333 0.061111111111111116
4 0.5765625 0.18425925925925926 0.028125 0.05
4 0.56875 0.1564814814814815 0.025 0.03888888888888889
3 0.8260416666666667 0.16574074074074074 0.08125 0.1277777777777778
3 0.9427083333333334 0.23703703703703705 0.1125 0.23333333333333334