4 0.46458333333333335 0.18425925925925926 0.05625 0.08333333333333334
4 0.6671875 0.6111111111111112 0.11354166666666667 0.21851851851851853
4 0.528125 0.1953703703703704 0.0625 0.08333333333333334
4 0.821875 0.5111111111111112 0.14375 0.22222222222222224
4 0.5614583333333333 0.15 0.0375 0.07037037037037037
4 0.6609375 0.17777777777777778 0.04895833333333333 0.08148148148148149
4 0.7057291666666666 0.28425925925925927 0.071875 0.11296296296296297
4 0.775 0.07962962962962963 0.0375 0.05555555555555556
4 0.5510416666666667 0.07962962962962963 0.03333333333333333 0.04814814814814815
4 0.9609375 0.28055555555555556 0.07604166666666666 0.11296296296296297
3 0.4557291666666667 0.4703703703703704 0.17604166666666665 0.4703703703703704