4 0.46510416666666665 0.19074074074074074 0.057291666666666664 0.08148148148148149
5 0.6692708333333334 0.5472222222222223 0.128125 0.28703703703703703
4 0.6322916666666667 0.362962962962963 0.08125 0.12222222222222223
4 0.5484375 0.16574074074074074 0.040625 0.07222222222222223
4 0.7802083333333333 0.05925925925925926 0.03125 0.05185185185185186
4 0.6984375 0.25 0.078125 0.11851851851851852
4 0.5671875 0.12222222222222223 0.03229166666666666 0.05925925925925926
4 0.628125 0.11111111111111112 0.0375 0.05925925925925926
4 0.665625 0.1462962962962963 0.041666666666666664 0.07037037037037037
4 0.8276041666666667 0.15833333333333333 0.051041666666666666 0.07962962962962963
4 0.5552083333333333 0.058333333333333334 0.029166666666666667 0.04259259259259259
3 0.45416666666666666 0.48240740740740745 0.17916666666666667 0.4759259259259259