5 0.35833333333333334 0.5824074074074075 0.1375 0.3055555555555556
4 0.5776041666666667 0.9203703703703704 0.15729166666666666 0.15555555555555556
4 0.4947916666666667 0.19351851851851853 0.06666666666666667 0.07222222222222223
4 0.7223958333333333 0.08611111111111111 0.034375 0.061111111111111116
4 0.5921875 0.1814814814814815 0.04895833333333333 0.08148148148148149
4 0.5880208333333333 0.13518518518518519 0.036458333333333336 0.06296296296296297
4 0.6625 0.2537037037037037 0.05625 0.1
4 0.753125 0.14722222222222223 0.04583333333333333 0.06851851851851852
4 0.6479166666666667 0.12222222222222223 0.035416666666666666 0.05925925925925926
4 0.9067708333333333 0.24537037037037038 0.08020833333333333 0.09444444444444444
4 0.5895833333333333 0.09907407407407408 0.03125 0.05740740740740741
4 0.6333333333333333 0.08148148148148149 0.03333333333333333 0.05925925925925926
4 0.9697916666666666 0.35462962962962963 0.058333333333333334 0.1277777777777778
3 0.4864583333333333 0.12037037037037038 0.125 0.15555555555555556