4 0.33229166666666665 0.22870370370370371 0.04583333333333333 0.07592592592592592
4 0.6333333333333333 0.12222222222222223 0.027083333333333334 0.05185185185185186
4 0.575 0.08703703703703704 0.022916666666666665 0.037037037037037035
4 0.6828125 0.14722222222222223 0.03229166666666666 0.05740740740740741
4 0.671875 0.19074074074074074 0.04791666666666666 0.07407407407407407
4 0.35260416666666666 0.47962962962962963 0.08645833333333333 0.14074074074074075
4 0.259375 0.44074074074074077 0.08958333333333333 0.11851851851851852
4 0.5041666666666667 0.21851851851851853 0.041666666666666664 0.07777777777777778
4 0.7411458333333333 0.225 0.05520833333333333 0.07962962962962963
4 0.4317708333333333 0.21481481481481482 0.04479166666666667 0.07407407407407407
4 0.4786458333333333 0.125 0.028125 0.0462962962962963
4 0.5244791666666666 0.15925925925925927 0.036458333333333336 0.05185185185185186
4 0.7541666666666667 0.38796296296296295 0.08541666666666667 0.12407407407407407
4 0.9249999999999999 0.45925925925925926 0.10208333333333333 0.14444444444444446
4 0.5072916666666667 0.11481481481481481 0.025 0.037037037037037035
4 0.4614583333333333 0.10092592592592593 0.022916666666666665 0.03888888888888889
3 0.6744791666666666 0.09351851851851853 0.053125 0.08703703703703704