4 0.7130208333333333 0.837037037037037 0.146875 0.2814814814814815
4 0.49635416666666665 0.16203703703703703 0.057291666666666664 0.07962962962962963
5 0.6192708333333333 0.27870370370370373 0.071875 0.1537037037037037
4 0.6432291666666666 0.48240740740740745 0.10104166666666667 0.1685185185185185
4 0.5953125 0.2138888888888889 0.046875 0.08703703703703704
4 0.8005208333333333 0.062037037037037036 0.030208333333333334 0.05
4 0.7708333333333334 0.3388888888888889 0.09791666666666667 0.15555555555555556
4 0.553125 0.11481481481481481 0.03125 0.05925925925925926
4 0.8312499999999999 0.1212962962962963 0.04583333333333333 0.06851851851851852
4 0.6307291666666667 0.10925925925925926 0.042708333333333334 0.07037037037037037
4 0.5609375 0.06944444444444445 0.02395833333333333 0.03888888888888889
4 0.6015625 0.04814814814814815 0.02395833333333333 0.044444444444444446
4 0.6375 0.04537037037037037 0.027083333333333334 0.04259259259259259
3 0.4583333333333333 0.4814814814814815 0.17708333333333334 0.4851851851851852