4 0.8046875 0.19351851851851853 0.034375 0.053703703703703705
4 0.7192708333333333 0.13055555555555556 0.028125 0.03888888888888889
4 0.7796875 0.2175925925925926 0.051041666666666666 0.061111111111111116
4 0.9296875 0.9 0.13854166666666667 0.1962962962962963
4 0.6104166666666666 0.47314814814814815 0.07916666666666666 0.1425925925925926
4 0.5885416666666666 0.3416666666666667 0.058333333333333334 0.10185185185185186
4 0.5322916666666666 0.27592592592592596 0.04375 0.08148148148148149
4 0.584375 0.21481481481481482 0.035416666666666666 0.06296296296296297
4 0.5770833333333333 0.18425925925925926 0.03125 0.053703703703703705
4 0.9583333333333334 0.32592592592592595 0.06666666666666667 0.0925925925925926
3 0.7942708333333334 0.12685185185185185 0.06979166666666667 0.10925925925925926
3 0.9088541666666666 0.1851851851851852 0.128125 0.1962962962962963