4 0.7979166666666666 0.1574074074074074 0.03333333333333333 0.05185185185185186
4 0.7515625 0.17222222222222222 0.040625 0.05555555555555556
4 0.6578125 0.8777777777777778 0.15520833333333334 0.24074074074074076
4 0.5520833333333334 0.5324074074074074 0.09791666666666667 0.1685185185185185
4 0.5494791666666666 0.37962962962962965 0.06354166666666666 0.11481481481481481
4 0.5953125 0.25833333333333336 0.04479166666666667 0.07962962962962963
4 0.5854166666666667 0.20925925925925926 0.0375 0.06666666666666667
4 0.9348958333333334 0.26203703703703707 0.057291666666666664 0.07222222222222223
4 0.5984375 0.14074074074074075 0.030208333333333334 0.04814814814814815
4 0.5692708333333333 0.10462962962962963 0.02395833333333333 0.04259259259259259
3 0.7739583333333333 0.10092592592592593 0.06041666666666667 0.09814814814814815
3 0.8770833333333333 0.1527777777777778 0.10625 0.17962962962962964