4 0.47239583333333335 0.20370370370370372 0.053125 0.07407407407407407
4 0.47291666666666665 0.45462962962962966 0.10625 0.20925925925925926
4 0.6171875 0.5277777777777778 0.10520833333333333 0.21481481481481482
4 0.5473958333333333 0.2638888888888889 0.06145833333333333 0.10555555555555556
4 0.7239583333333334 0.06481481481481481 0.03333333333333333 0.04814814814814815
4 0.6416666666666666 0.3212962962962963 0.06875 0.12037037037037038
5 0.5765625 0.14907407407407408 0.051041666666666666 0.12037037037037038
5 0.7708333333333334 0.05277777777777778 0.0375 0.061111111111111116
4 0.4505208333333333 0.18055555555555555 0.078125 0.07222222222222223
4 0.7770833333333333 0.10740740740740741 0.041666666666666664 0.06666666666666667
4 0.753125 0.1564814814814815 0.052083333333333336 0.07592592592592592
4 0.8645833333333334 0.16111111111111112 0.06041666666666667 0.08148148148148149
4 0.6046875 0.11111111111111112 0.03229166666666666 0.05555555555555556
4 0.9536458333333333 0.3027777777777778 0.090625 0.12037037037037038
3 0.49114583333333334 0.09814814814814815 0.128125 0.15185185185185185