4 0.42291666666666666 0.8064814814814815 0.16666666666666666 0.3314814814814815
4 0.46979166666666666 0.21203703703703705 0.052083333333333336 0.08333333333333334
4 0.6677083333333333 0.5472222222222223 0.12083333333333333 0.2833333333333333
4 0.5166666666666666 0.35833333333333334 0.08541666666666667 0.16111111111111112
4 0.6458333333333334 0.16018518518518518 0.04583333333333333 0.07962962962962963
4 0.5963541666666666 0.09907407407407408 0.030208333333333334 0.053703703703703705
4 0.7276041666666666 0.11111111111111112 0.03854166666666667 0.06296296296296297
4 0.7796875 0.10462962962962963 0.040625 0.061111111111111116
4 0.8317708333333333 0.08611111111111111 0.040625 0.061111111111111116
4 0.7848958333333333 0.058333333333333334 0.034375 0.05
4 0.9734375 0.07314814814814816 0.051041666666666666 0.061111111111111116
4 0.5578125 0.23055555555555557 0.057291666666666664 0.09444444444444444
5 0.5744791666666667 0.1277777777777778 0.03854166666666667 0.08518518518518518
4 0.7833333333333333 0.2638888888888889 0.075 0.10185185185185186
3 0.48541666666666666 0.10740740740740741 0.12708333333333333 0.14814814814814814