4 0.4739583333333333 0.20277777777777778 0.05416666666666667 0.07962962962962963
4 0.48541666666666666 0.5638888888888889 0.1125 0.20925925925925926
4 0.6677083333333333 0.8648148148148148 0.16458333333333333 0.26666666666666666
5 0.5427083333333333 0.26944444444444443 0.07708333333333334 0.17962962962962964
4 0.4536458333333333 0.17685185185185187 0.08229166666666667 0.06851851851851852
4 0.71875 0.06666666666666667 0.035416666666666666 0.05555555555555556
4 0.8010416666666667 0.0638888888888889 0.0375 0.053703703703703705
4 0.5885416666666666 0.1962962962962963 0.05 0.08518518518518518
4 0.821875 0.12592592592592594 0.052083333333333336 0.07407407407407407
4 0.8786458333333333 0.0962962962962963 0.04895833333333333 0.07407407407407407
4 0.5885416666666666 0.09907407407407408 0.04583333333333333 0.06851851851851852
4 0.6489583333333333 0.0925925925925926 0.035416666666666666 0.06296296296296297
3 0.4921875 0.0925925925925926 0.12604166666666666 0.14814814814814814