4 0.6260416666666666 0.3453703703703704 0.07916666666666666 0.13518518518518519
4 0.9125 0.6842592592592592 0.17291666666666666 0.2611111111111111
5 0.6109375 0.21851851851851853 0.046875 0.11481481481481481
4 0.7838541666666666 0.03425925925925926 0.030208333333333334 0.0462962962962963
4 0.684375 0.2 0.06041666666666667 0.08888888888888889
4 0.7322916666666667 0.037037037037037035 0.029166666666666667 0.040740740740740744
4 0.609375 0.1277777777777778 0.0375 0.06296296296296297
4 0.8312499999999999 0.062037037037037036 0.041666666666666664 0.0462962962962963
4 0.7880208333333333 0.07777777777777778 0.03854166666666667 0.04814814814814815
4 0.8 0.10648148148148148 0.04583333333333333 0.061111111111111116
4 0.7994791666666666 0.1675925925925926 0.053125 0.07962962962962963
4 0.5088541666666666 0.2212962962962963 0.06354166666666666 0.08333333333333334
4 0.8953125 0.19074074074074074 0.06979166666666667 0.08518518518518518
4 0.6421875 0.061111111111111116 0.028125 0.04814814814814815
4 0.5911458333333334 0.040740740740740744 0.026041666666666668 0.040740740740740744
4 0.9697916666666666 0.2490740740740741 0.058333333333333334 0.10925925925925926
3 0.5432291666666667 0.05185185185185186 0.046875 0.10370370370370371