4 0.6125 0.38981481481481484 0.09583333333333333 0.1425925925925926
4 0.6692708333333334 0.8027777777777778 0.15104166666666666 0.3425925925925926
3 0.49895833333333334 0.09537037037037037 0.06041666666666667 0.19074074074074074
4 0.5979166666666667 0.21574074074074076 0.052083333333333336 0.09814814814814815
4 0.8265625 0.5546296296296297 0.153125 0.2351851851851852
4 0.6734375 0.2111111111111111 0.06354166666666666 0.08518518518518518
5 0.6484375 0.13518518518518519 0.04895833333333333 0.0925925925925926
4 0.5744791666666667 0.11018518518518519 0.03229166666666666 0.053703703703703705
4 0.7239583333333334 0.07962962962962963 0.0375 0.05555555555555556
4 0.5869791666666666 0.075 0.034375 0.0462962962962963
4 0.5515625 0.03888888888888889 0.02395833333333333 0.03333333333333333
4 0.8885416666666667 0.24722222222222223 0.08125 0.10925925925925926
3 0.440625 0.5212962962962964 0.1875 0.587037037037037