4 0.6328125 0.3842592592592593 0.084375 0.15
4 0.9453125 0.8601851851851852 0.10729166666666666 0.23148148148148148
5 0.6114583333333333 0.23981481481481481 0.05 0.12037037037037038
4 0.7765625 0.02777777777777778 0.03229166666666666 0.040740740740740744
4 0.6953125 0.225 0.065625 0.09444444444444444
4 0.7229166666666667 0.031481481481481485 0.029166666666666667 0.044444444444444446
4 0.6098958333333333 0.1388888888888889 0.040625 0.06666666666666667
4 0.8203125 0.05648148148148149 0.040625 0.05
4 0.775 0.06944444444444445 0.035416666666666666 0.04259259259259259
4 0.7869791666666667 0.0925925925925926 0.042708333333333334 0.05925925925925926
4 0.7854166666666667 0.14537037037037037 0.04583333333333333 0.07222222222222223
4 0.5145833333333333 0.23333333333333334 0.0625 0.0925925925925926
4 0.8760416666666666 0.17037037037037037 0.0625 0.08148148148148149
4 0.6453125 0.075 0.03229166666666666 0.05740740740740741
4 0.5932291666666667 0.049074074074074076 0.026041666666666668 0.0462962962962963
4 0.959375 0.225 0.07916666666666666 0.10185185185185186
4 0.9260416666666667 0.34351851851851856 0.09791666666666667 0.13518518518518519
4 0.9744791666666667 0.17407407407407408 0.04895833333333333 0.07777777777777778
3 0.5421875 0.05925925925925926 0.04479166666666667 0.11851851851851852