4 0.3296875 0.22592592592592595 0.04895833333333333 0.07407407407407407
4 0.3625 0.38703703703703707 0.07708333333333334 0.12592592592592594
4 0.4739583333333333 0.3907407407407408 0.07708333333333334 0.12962962962962962
4 0.7322916666666667 0.18611111111111112 0.04375 0.06481481481481481
4 0.48385416666666664 0.1398148148148148 0.034375 0.053703703703703705
4 0.6020833333333333 0.19444444444444445 0.04375 0.06666666666666667
4 0.503125 0.22962962962962963 0.04583333333333333 0.08148148148148149
5 0.453125 0.1175925925925926 0.03958333333333333 0.06851851851851852
4 0.7005208333333334 0.2657407407407408 0.06145833333333333 0.10185185185185186
4 0.6114583333333333 0.2564814814814815 0.05625 0.09444444444444444
4 0.521875 0.15833333333333333 0.035416666666666666 0.05740740740740741
4 0.7921875 0.4222222222222222 0.09479166666666666 0.14814814814814814
4 0.8901041666666667 0.637962962962963 0.16354166666666667 0.25
3 0.8208333333333333 0.24537037037037038 0.1375 0.21296296296296297
3 0.646875 0.13796296296296298 0.06875 0.1425925925925926