4 0.6546875 0.5166666666666667 0.10729166666666666 0.1851851851851852
4 0.7510416666666666 0.044444444444444446 0.027083333333333334 0.040740740740740744
5 0.6328125 0.3027777777777778 0.06354166666666666 0.13518518518518519
4 0.7729166666666667 0.06296296296296297 0.029166666666666667 0.040740740740740744
4 0.6291666666666667 0.19814814814814816 0.05 0.07407407407407407
4 0.8114583333333333 0.053703703703703705 0.035416666666666666 0.044444444444444446
4 0.7114583333333333 0.06018518518518519 0.03333333333333333 0.05
4 0.5328125 0.09814814814814815 0.03229166666666666 0.05555555555555556
5 0.5994791666666667 0.10092592592592593 0.036458333333333336 0.07592592592592592
4 0.7067708333333333 0.19166666666666668 0.053125 0.08703703703703704
5 0.8291666666666666 0.10925925925925926 0.052083333333333336 0.08518518518518518
4 0.5307291666666667 0.22962962962962963 0.057291666666666664 0.08148148148148149
4 0.575 0.07407407407407407 0.025 0.05185185185185186
4 0.9015624999999999 0.19074074074074074 0.071875 0.08148148148148149
4 0.6484375 0.06574074074074074 0.034375 0.05740740740740741
3 0.45677083333333335 0.4740740740740741 0.17604166666666665 0.45925925925925926