4 0.8046875 0.18611111111111112 0.03229166666666666 0.053703703703703705
4 0.7192708333333333 0.12222222222222223 0.02395833333333333 0.037037037037037035
4 0.7682291666666666 0.20462962962962963 0.046875 0.05740740740740741
4 0.6229166666666667 0.5861111111111111 0.1 0.17962962962962964
4 0.5796875 0.40092592592592596 0.071875 0.12037037037037038
4 0.5385416666666667 0.312962962962963 0.04791666666666666 0.08888888888888889
4 0.590625 0.2351851851851852 0.03958333333333333 0.07037037037037037
4 0.5807291666666666 0.1962962962962963 0.034375 0.05925925925925926
4 0.9489583333333333 0.3027777777777778 0.06041666666666667 0.08703703703703704
4 0.5864583333333333 0.13611111111111113 0.027083333333333334 0.0462962962962963
3 0.784375 0.1212962962962963 0.06666666666666667 0.10555555555555556
3 0.8942708333333333 0.17314814814814816 0.11770833333333333 0.18703703703703706