4 0.471875 0.20370370370370372 0.05 0.08148148148148149
4 0.5359375 0.3712962962962963 0.08020833333333333 0.1425925925925926
4 0.7010416666666667 0.9277777777777778 0.16666666666666666 0.14074074074074075
4 0.7130208333333333 0.05277777777777778 0.030208333333333334 0.0462962962962963
4 0.5572916666666666 0.1675925925925926 0.05 0.09074074074074075
4 0.6390625 0.24629629629629632 0.059375 0.10370370370370371
4 0.7822916666666666 0.053703703703703705 0.03333333333333333 0.04814814814814815
4 0.64375 0.14537037037037037 0.04375 0.07222222222222223
4 0.5895833333333333 0.11944444444444445 0.0375 0.06481481481481481
4 0.8703124999999999 0.20555555555555557 0.06979166666666667 0.0925925925925926
4 0.8380208333333333 0.325 0.08854166666666667 0.12407407407407407
4 0.6453125 0.09722222222222222 0.03229166666666666 0.053703703703703705
5 0.5947916666666666 0.06944444444444445 0.03958333333333333 0.07222222222222223
5 0.9557291666666666 0.3138888888888889 0.08645833333333333 0.17222222222222222
3 0.48854166666666665 0.10370370370370371 0.12916666666666665 0.15555555555555556