4 0.3307291666666667 0.2240740740740741 0.04895833333333333 0.07037037037037037
4 0.240625 0.6722222222222223 0.13958333333333334 0.21481481481481482
4 0.70625 0.14537037037037037 0.03958333333333333 0.053703703703703705
4 0.484375 0.1712962962962963 0.041666666666666664 0.07222222222222223
4 0.5885416666666666 0.1527777777777778 0.035416666666666666 0.053703703703703705
4 0.4822916666666667 0.3712962962962963 0.06875 0.12407407407407407
5 0.4322916666666667 0.14814814814814814 0.041666666666666664 0.0925925925925926
4 0.6760416666666667 0.20740740740740743 0.052083333333333336 0.08148148148148149
4 0.5979166666666667 0.19166666666666668 0.04583333333333333 0.06851851851851852
4 0.5072916666666667 0.22870370370370371 0.04583333333333333 0.08703703703703704
4 0.7604166666666666 0.3212962962962963 0.07291666666666667 0.11296296296296297
4 0.7984375 0.4398148148148148 0.11145833333333333 0.17222222222222222
4 0.48333333333333334 0.11203703703703705 0.027083333333333334 0.03888888888888889
4 0.4453125 0.10185185185185186 0.019791666666666666 0.03333333333333333
4 0.5203125 0.08611111111111111 0.019791666666666666 0.03518518518518519
3 0.7791666666666667 0.1962962962962963 0.10833333333333334 0.17407407407407408
3 0.6369791666666667 0.11666666666666667 0.057291666666666664 0.12592592592592594