4 0.6119791666666666 0.12592592592592594 0.03229166666666666 0.044444444444444446
4 0.6302083333333334 0.20370370370370372 0.041666666666666664 0.06296296296296297
4 0.39166666666666666 0.18611111111111112 0.03958333333333333 0.061111111111111116
4 0.46458333333333335 0.14722222222222223 0.03333333333333333 0.05
4 0.5161458333333333 0.12314814814814816 0.028125 0.05
4 0.6171875 0.26481481481481484 0.05520833333333333 0.08888888888888889
4 0.7671875 0.40925925925925927 0.09270833333333334 0.14074074074074075
4 0.5015625 0.08055555555555556 0.026041666666666668 0.04259259259259259
4 0.6963541666666666 0.5537037037037037 0.11979166666666667 0.1962962962962963
4 0.5265625 0.09166666666666667 0.019791666666666666 0.03518518518518519
5 0.4890625 0.062037037037037036 0.02395833333333333 0.0462962962962963
3 0.9213541666666667 0.412962962962963 0.15520833333333334 0.3888888888888889
3 0.7098958333333333 0.23796296296296296 0.11562499999999999 0.2240740740740741
3 0.22916666666666666 0.512962962962963 0.23333333333333334 0.5