4 0.8822916666666667 0.8407407407407408 0.18541666666666667 0.2777777777777778
4 0.6380208333333334 0.5824074074074075 0.09479166666666666 0.17222222222222222
5 0.46822916666666664 0.24166666666666667 0.09895833333333333 0.09074074074074075
4 0.5859375 0.2425925925925926 0.040625 0.07037037037037037
5 0.578125 0.17777777777777778 0.029166666666666667 0.06666666666666667
4 0.6197916666666666 0.15833333333333333 0.03125 0.053703703703703705
4 0.9171874999999999 0.35000000000000003 0.078125 0.08888888888888889
4 0.8416666666666667 0.2064814814814815 0.0375 0.05740740740740741
4 0.7729166666666667 0.2064814814814815 0.0375 0.05740740740740741
4 0.7692708333333333 0.19074074074074074 0.040625 0.05185185185185186
4 0.7776041666666667 0.16574074074074074 0.03854166666666667 0.0462962962962963
4 0.7359375 0.16018518518518518 0.036458333333333336 0.04259259259259259
4 0.7364583333333333 0.12407407407407407 0.029166666666666667 0.05185185185185186
5 0.71875 0.13796296296296298 0.03125 0.053703703703703705
4 0.703125 0.12962962962962962 0.029166666666666667 0.044444444444444446
4 0.6817708333333333 0.11388888888888889 0.026041666666666668 0.03518518518518519
4 0.7135416666666666 0.10648148148148148 0.025 0.03518518518518519
4 0.9276041666666667 0.4305555555555556 0.09479166666666666 0.12407407407407407
4 0.6015625 0.13425925925925927 0.026041666666666668 0.03888888888888889
3 0.96875 0.2657407407407408 0.06041666666666667 0.19814814814814816