5 0.425 0.24351851851851852 0.1125 0.09444444444444444
4 0.5911458333333334 0.3314814814814815 0.05520833333333333 0.0925925925925926
5 0.5848958333333333 0.20925925925925926 0.034375 0.08888888888888889
4 0.6432291666666666 0.19722222222222224 0.03854166666666667 0.061111111111111116
4 0.8765625 0.2925925925925926 0.06354166666666666 0.08148148148148149
4 0.8276041666666667 0.17777777777777778 0.03854166666666667 0.05185185185185186
4 0.7822916666666666 0.19444444444444445 0.04375 0.05555555555555556
4 0.7661458333333333 0.17685185185185187 0.03854166666666667 0.05
4 0.7755208333333333 0.14814814814814814 0.03229166666666666 0.044444444444444446
4 0.7354166666666666 0.15092592592592594 0.03333333333333333 0.04259259259259259
5 0.7177083333333333 0.12592592592592594 0.029166666666666667 0.05185185185185186
4 0.7005208333333334 0.1175925925925926 0.028125 0.04259259259259259
4 0.890625 0.35555555555555557 0.075 0.1
4 0.6177083333333333 0.15092592592592594 0.029166666666666667 0.0462962962962963
4 0.5682291666666667 0.13518518518518519 0.026041666666666668 0.040740740740740744
3 0.9406249999999999 0.22685185185185186 0.11666666666666667 0.19074074074074074