4 0.69375 0.05092592592592593 0.01875 0.02777777777777778
4 0.70625 0.05740740740740741 0.025 0.03333333333333333
4 0.334375 0.27592592592592596 0.07916666666666666 0.1
4 0.73125 0.062037037037037036 0.025 0.024074074074074074
4 0.7348958333333333 0.03888888888888889 0.019791666666666666 0.018518518518518517
4 0.753125 0.019444444444444445 0.020833333333333332 0.03888888888888889
4 0.7552083333333334 0.04814814814814815 0.025 0.02592592592592593
4 0.7484375 0.08425925925925926 0.028125 0.0462962962962963
4 0.7682291666666666 0.07407407407407407 0.02395833333333333 0.037037037037037035
4 0.6119791666666666 0.5416666666666667 0.08645833333333333 0.18333333333333335
4 0.5140625 0.18611111111111112 0.04895833333333333 0.06851851851851852
4 0.796875 0.5537037037037037 0.11458333333333333 0.2
4 0.73125 0.0962962962962963 0.027083333333333334 0.040740740740740744
4 0.7927083333333333 0.10185185185185186 0.027083333333333334 0.04814814814814815
4 0.6901041666666666 0.2777777777777778 0.06354166666666666 0.1
4 0.7807291666666667 0.12685185185185185 0.03854166666666667 0.061111111111111116
5 0.721875 0.12407407407407407 0.041666666666666664 0.07037037037037037
4 0.6390625 0.1398148148148148 0.036458333333333336 0.061111111111111116
4 0.8505208333333333 0.17314814814814816 0.04895833333333333 0.07962962962962963
4 0.5796875 0.03518518518518519 0.017708333333333333 0.03333333333333333
4 0.5958333333333333 0.024074074074074074 0.014583333333333334 0.02592592592592593
4 0.9276041666666667 0.29074074074074074 0.078125 0.0962962962962963
3 0.5427083333333333 0.06018518518518519 0.035416666666666666 0.09074074074074075