4 0.503125 0.1712962962962963 0.035416666666666666 0.07222222222222223
4 0.5880208333333333 0.22870370370370371 0.04895833333333333 0.07962962962962963
4 0.9338541666666667 0.8833333333333334 0.13020833333333334 0.1962962962962963
5 0.5208333333333334 0.20277777777777778 0.041666666666666664 0.10925925925925926
4 0.5666666666666667 0.15555555555555556 0.0375 0.05555555555555556
4 0.6744791666666666 0.07592592592592592 0.034375 0.05185185185185186
4 0.6963541666666666 0.05092592592592593 0.03229166666666666 0.04259259259259259
4 0.6104166666666666 0.12685185185185185 0.04791666666666666 0.07222222222222223
4 0.6916666666666667 0.26666666666666666 0.06041666666666667 0.11481481481481481
4 0.7552083333333334 0.11944444444444445 0.04791666666666666 0.061111111111111116
4 0.56875 0.05555555555555556 0.025 0.04814814814814815
3 0.515625 0.04166666666666667 0.0375 0.08333333333333334
4 0.9276041666666667 0.25925925925925924 0.090625 0.11851851851851852
3 0.44895833333333335 0.46944444444444444 0.17291666666666666 0.5092592592592593