3 0.48125 0.1574074074074074 0.08958333333333333 0.26296296296296295
5 0.9151041666666666 0.7268518518518519 0.16770833333333332 0.4166666666666667
4 0.6447916666666667 0.44722222222222224 0.09375 0.17222222222222222
4 0.6078125 0.2601851851851852 0.065625 0.10185185185185186
4 0.5833333333333334 0.13703703703703704 0.041666666666666664 0.05925925925925926
4 0.7630208333333334 0.05555555555555556 0.040625 0.044444444444444446
4 0.6114583333333333 0.08611111111111111 0.0375 0.053703703703703705
4 0.5348958333333333 0.05555555555555556 0.030208333333333334 0.044444444444444446
4 0.7057291666666666 0.10092592592592593 0.04479166666666667 0.06481481481481481
4 0.49322916666666666 0.13703703703703704 0.078125 0.07037037037037037
4 0.8276041666666667 0.1712962962962963 0.06354166666666666 0.07592592592592592
3 0.3963541666666667 0.7814814814814816 0.334375 0.43333333333333335