4 0.6921875 0.03518518518518519 0.019791666666666666 0.02592592592592593
4 0.703125 0.05 0.022916666666666665 0.037037037037037035
4 0.21666666666666667 0.41481481481481486 0.10208333333333333 0.12962962962962962
4 0.7385416666666667 0.020370370370370372 0.022916666666666665 0.02592592592592593
4 0.7177083333333333 0.025 0.020833333333333332 0.031481481481481485
4 0.7338541666666667 0.05925925925925926 0.028125 0.03333333333333333
4 0.7395833333333334 0.04351851851851852 0.020833333333333332 0.031481481481481485
4 0.3489583333333333 0.2740740740740741 0.07083333333333333 0.08518518518518518
4 0.7296875 0.08240740740740742 0.028125 0.04259259259259259
4 0.7765625 0.07037037037037037 0.026041666666666668 0.037037037037037035
4 0.7635416666666667 0.09907407407407408 0.03333333333333333 0.05
5 0.6854166666666667 0.07685185185185185 0.029166666666666667 0.05
4 0.821875 0.7814814814814816 0.16458333333333333 0.26666666666666666
4 0.8104166666666667 0.09074074074074075 0.0375 0.05185185185185186
4 0.6302083333333334 0.10092592592592593 0.029166666666666667 0.0462962962962963
4 0.5947916666666666 0.075 0.022916666666666665 0.03888888888888889
4 0.7927083333333333 0.14166666666666666 0.041666666666666664 0.05740740740740741
4 0.8645833333333334 0.1537037037037037 0.052083333333333336 0.05185185185185186
4 0.8697916666666666 0.19444444444444445 0.058333333333333334 0.06666666666666667
4 0.9119791666666667 0.13703703703703704 0.06770833333333333 0.06666666666666667
4 0.5854166666666667 0.03425925925925926 0.01875 0.031481481481481485
4 0.6088541666666667 0.02314814814814815 0.017708333333333333 0.02777777777777778
3 0.5463541666666667 0.12037037037037038 0.051041666666666666 0.13703703703703704