4 0.6854166666666667 0.02777777777777778 0.016666666666666666 0.022222222222222223
4 0.696875 0.044444444444444446 0.020833333333333332 0.03333333333333333
4 0.1890625 0.44722222222222224 0.10729166666666666 0.13518518518518519
4 0.74375 0.015740740740740743 0.025 0.024074074074074074
4 0.7052083333333333 0.014814814814814815 0.016666666666666666 0.02962962962962963
4 0.7255208333333333 0.05185185185185186 0.026041666666666668 0.018518518518518517
4 0.7244791666666667 0.03518518518518519 0.019791666666666666 0.018518518518518517
4 0.3286458333333333 0.2898148148148148 0.065625 0.09444444444444444
4 0.7239583333333334 0.08055555555555556 0.029166666666666667 0.03888888888888889
4 0.7682291666666666 0.06481481481481481 0.026041666666666668 0.03333333333333333
4 0.7578125 0.09351851851851853 0.030208333333333334 0.05
5 0.6770833333333334 0.06759259259259259 0.027083333333333334 0.05
4 0.7963541666666667 0.08240740740740742 0.036458333333333336 0.04259259259259259
4 0.6390625 0.12685185185185185 0.036458333333333336 0.05740740740740741
4 0.5942708333333333 0.09722222222222222 0.026041666666666668 0.0462962962962963
4 0.7760416666666666 0.1287037037037037 0.03958333333333333 0.05
4 0.8390624999999999 0.14166666666666666 0.053125 0.04259259259259259
4 0.8401041666666667 0.17592592592592593 0.05520833333333333 0.07037037037037037
4 0.8895833333333333 0.13425925925925927 0.06666666666666667 0.06481481481481481
4 0.5817708333333333 0.04259259259259259 0.019791666666666666 0.03333333333333333
4 0.6083333333333333 0.028703703703703703 0.01875 0.031481481481481485
4 0.540625 0.03425925925925926 0.016666666666666666 0.031481481481481485
3 0.5375 0.13703703703703704 0.06666666666666667 0.15555555555555556