4 0.3328125 0.2240740740740741 0.057291666666666664 0.07037037037037037
4 0.41875 0.2555555555555556 0.052083333333333336 0.08518518518518518
4 0.5 0.22962962962962963 0.05 0.08148148148148149
4 0.6151041666666667 0.13518518518518519 0.026041666666666668 0.044444444444444446
4 0.7234375 0.24074074074074076 0.053125 0.07407407407407407
4 0.4901041666666667 0.11574074074074074 0.03229166666666666 0.05
4 0.6197916666666666 0.25833333333333336 0.05625 0.09074074074074075
4 0.5140625 0.15833333333333333 0.034375 0.061111111111111116
5 0.47031249999999997 0.09074074074074075 0.030208333333333334 0.06666666666666667
4 0.7442708333333333 0.35185185185185186 0.08229166666666667 0.12222222222222223
4 0.6380208333333334 0.35185185185185186 0.078125 0.13703703703703704
4 0.5276041666666667 0.11666666666666667 0.026041666666666668 0.04814814814814815
4 0.8677083333333333 0.5898148148148148 0.15416666666666667 0.21296296296296297
3 0.8677083333333333 0.2953703703703704 0.175 0.2574074074074074
3 0.6619791666666667 0.15462962962962964 0.07395833333333333 0.1537037037037037