4 0.5067708333333333 0.17777777777777778 0.036458333333333336 0.07037037037037037
4 0.6041666666666666 0.30092592592592593 0.06458333333333333 0.10925925925925926
5 0.5296875 0.22685185185185186 0.057291666666666664 0.12037037037037038
4 0.5791666666666666 0.18333333333333335 0.052083333333333336 0.07407407407407407
4 0.6609375 0.0462962962962963 0.030208333333333334 0.044444444444444446
4 0.65 0.18425925925925926 0.06458333333333333 0.09814814814814815
4 0.8244791666666667 0.7907407407407407 0.17604166666666665 0.2925925925925926
4 0.7161458333333334 0.0712962962962963 0.03854166666666667 0.0462962962962963
4 0.578125 0.0787037037037037 0.03333333333333333 0.053703703703703705
3 0.5145833333333333 0.04722222222222222 0.03958333333333333 0.09444444444444444
4 0.8197916666666667 0.13796296296296298 0.05625 0.07222222222222223
4 0.5546875 0.044444444444444446 0.021875 0.040740740740740744
4 0.5989583333333334 0.040740740740740744 0.027083333333333334 0.03333333333333333
3 0.45208333333333334 0.4712962962962963 0.17291666666666666 0.512962962962963