4 0.690625 0.9055555555555556 0.16041666666666665 0.1851851851851852
5 0.4473958333333333 0.23240740740740742 0.109375 0.09074074074074075
4 0.5895833333333333 0.28055555555555556 0.04583333333333333 0.08333333333333334
5 0.5848958333333333 0.18333333333333335 0.03229166666666666 0.07777777777777778
4 0.6338541666666666 0.1685185185185185 0.034375 0.05555555555555556
4 0.8932291666666666 0.3055555555555556 0.06770833333333333 0.08888888888888889
4 0.8364583333333333 0.18055555555555555 0.03958333333333333 0.05740740740740741
4 0.7786458333333334 0.19074074074074074 0.03854166666666667 0.05555555555555556
4 0.7692708333333333 0.17314814814814816 0.040625 0.05
4 0.7822916666666666 0.1462962962962963 0.03125 0.04814814814814815
4 0.7380208333333333 0.1462962962962963 0.034375 0.04814814814814815
4 0.7276041666666666 0.10092592592592593 0.028125 0.04259259259259259
5 0.7192708333333333 0.12037037037037038 0.030208333333333334 0.05555555555555556
4 0.7041666666666666 0.11388888888888889 0.027083333333333334 0.04259259259259259
4 0.9041666666666667 0.36944444444444446 0.08125 0.10555555555555556
4 0.6130208333333333 0.13055555555555556 0.028125 0.04259259259259259
4 0.5661458333333333 0.1175925925925926 0.026041666666666668 0.04259259259259259
3 0.9526041666666667 0.24351851851851852 0.09270833333333334 0.20925925925925926