4 0.709375 0.9259259259259259 0.1625 0.14444444444444446
4 0.4609375 0.6222222222222222 0.13020833333333334 0.23703703703703705
4 0.46875 0.21481481481481482 0.05416666666666667 0.07777777777777778
4 0.659375 0.42962962962962964 0.09791666666666667 0.21851851851851853
4 0.5354166666666667 0.30185185185185187 0.07291666666666667 0.13333333333333333
4 0.6453125 0.14166666666666666 0.040625 0.06851851851851852
4 0.5953125 0.09722222222222222 0.030208333333333334 0.053703703703703705
4 0.7375 0.13333333333333333 0.041666666666666664 0.06296296296296297
4 0.7895833333333333 0.12407407407407407 0.04375 0.06296296296296297
4 0.84375 0.10185185185185186 0.04375 0.06296296296296297
4 0.7901041666666666 0.07222222222222223 0.034375 0.05185185185185186
4 0.96875 0.07777777777777778 0.06041666666666667 0.05925925925925926
4 0.5671875 0.20370370370370372 0.051041666666666666 0.08148148148148149
5 0.5786458333333333 0.11944444444444445 0.03229166666666666 0.07962962962962963
4 0.8083333333333333 0.32222222222222224 0.0875 0.12222222222222223
3 0.48541666666666666 0.11296296296296297 0.125 0.15925925925925927