4 0.475 0.18425925925925926 0.0625 0.07592592592592592
5 0.6296875 0.3601851851851852 0.08645833333333333 0.18333333333333335
4 0.6661458333333333 0.6648148148148149 0.11770833333333333 0.22962962962962963
4 0.6057291666666667 0.26851851851851855 0.059375 0.0962962962962963
4 0.7875 0.05185185185185186 0.035416666666666666 0.040740740740740744
4 0.8645833333333334 0.5555555555555556 0.15625 0.25925925925925924
4 0.5458333333333333 0.14166666666666666 0.035416666666666666 0.06481481481481481
4 0.8057291666666666 0.09814814814814815 0.03854166666666667 0.05925925925925926
4 0.6432291666666666 0.15555555555555556 0.053125 0.08148148148148149
4 0.5635416666666666 0.09814814814814815 0.029166666666666667 0.04814814814814815
4 0.6036458333333333 0.07685185185185185 0.028125 0.0462962962962963
4 0.6442708333333333 0.08796296296296297 0.034375 0.053703703703703705
4 0.953125 0.32685185185185184 0.09166666666666666 0.12407407407407407
3 0.4552083333333333 0.4842592592592593 0.17291666666666666 0.4759259259259259