4 0.4713541666666667 0.20555555555555557 0.05520833333333333 0.07777777777777778
4 0.4671875 0.6509259259259259 0.13229166666666667 0.25
4 0.5458333333333333 0.21944444444444444 0.05625 0.10555555555555556
4 0.6072916666666667 0.3944444444444445 0.0875 0.15185185185185185
4 0.64375 0.21296296296296297 0.05416666666666667 0.0925925925925926
4 0.5786458333333333 0.14907407407407408 0.04479166666666667 0.06851851851851852
4 0.809375 0.12037037037037038 0.04791666666666666 0.06666666666666667
4 0.7739583333333333 0.1787037037037037 0.05625 0.07962962962962963
4 0.6489583333333333 0.14351851851851852 0.041666666666666664 0.06851851851851852
5 0.5963541666666666 0.08888888888888889 0.040625 0.08518518518518518
5 0.8546874999999999 0.16296296296296298 0.06354166666666666 0.11111111111111112
4 0.4354166666666667 0.1824074074074074 0.07916666666666666 0.07592592592592592
4 0.8895833333333333 0.2972222222222222 0.08333333333333333 0.11296296296296297
4 0.9145833333333333 0.5120370370370371 0.13541666666666666 0.18703703703703706
3 0.490625 0.10277777777777779 0.12708333333333333 0.1574074074074074