4 0.3307291666666667 0.22222222222222224 0.04895833333333333 0.07037037037037037
4 0.3765625 0.34814814814814815 0.06979166666666667 0.10740740740740741
4 0.48333333333333334 0.33796296296296297 0.07083333333333333 0.10925925925925926
4 0.7333333333333333 0.19444444444444445 0.04375 0.06296296296296297
4 0.48385416666666664 0.13148148148148148 0.034375 0.05555555555555556
4 0.6057291666666667 0.20462962962962963 0.046875 0.06851851851851852
4 0.5067708333333333 0.2101851851851852 0.040625 0.06851851851851852
5 0.45729166666666665 0.10925925925925926 0.035416666666666666 0.07037037037037037
4 0.7072916666666667 0.2777777777777778 0.06458333333333333 0.10370370370370371
4 0.61875 0.27685185185185185 0.06041666666666667 0.10185185185185186
4 0.5229166666666667 0.14444444444444446 0.03125 0.05555555555555556
4 0.8020833333333334 0.44907407407407407 0.10416666666666667 0.15
4 0.9052083333333333 0.7064814814814815 0.14791666666666667 0.28703703703703703
3 0.8312499999999999 0.2564814814814815 0.14583333333333334 0.2240740740740741
3 0.6479166666666667 0.13796296296296298 0.07083333333333333 0.1425925925925926