4 0.4984375 0.16481481481481483 0.036458333333333336 0.05555555555555556
4 0.5822916666666667 0.2 0.041666666666666664 0.06666666666666667
4 0.7598958333333333 0.4314814814814815 0.096875 0.14814814814814814
5 0.5171875 0.18981481481481483 0.046875 0.10185185185185186
4 0.5630208333333333 0.13796296296296298 0.03229166666666666 0.05740740740740741
4 0.6994791666666667 0.10925925925925926 0.036458333333333336 0.05555555555555556
4 0.7322916666666667 0.09722222222222222 0.0375 0.05740740740740741
4 0.5776041666666667 0.09907407407407408 0.03854166666666667 0.05740740740740741
4 0.6369791666666667 0.14074074074074075 0.046875 0.07407407407407407
4 0.8291666666666666 0.20277777777777778 0.06875 0.08333333333333334
4 0.5651041666666666 0.040740740740740744 0.02395833333333333 0.037037037037037035
3 0.5177083333333333 0.036111111111111115 0.035416666666666666 0.07222222222222223
3 0.44947916666666665 0.47685185185185186 0.16979166666666667 0.5092592592592593