4 0.4828125 0.17592592592592593 0.06145833333333333 0.07777777777777778
5 0.6234375 0.32037037037037036 0.07604166666666666 0.16296296296296298
4 0.6567708333333333 0.5722222222222223 0.11145833333333333 0.20370370370370372
4 0.5989583333333334 0.2425925925925926 0.052083333333333336 0.0962962962962963
4 0.7953125 0.05462962962962963 0.03229166666666666 0.04259259259259259
4 0.8140625 0.4398148148148148 0.12604166666666666 0.19814814814814816
4 0.5484375 0.1277777777777778 0.036458333333333336 0.06296296296296297
4 0.8140625 0.10833333333333334 0.042708333333333334 0.06481481481481481
4 0.6354166666666666 0.13333333333333333 0.04791666666666666 0.07407407407407407
4 0.5609375 0.08333333333333334 0.028125 0.044444444444444446
4 0.6015625 0.0638888888888889 0.028125 0.0462962962962963
4 0.6401041666666667 0.06944444444444445 0.030208333333333334 0.053703703703703705
3 0.45468749999999997 0.4842592592592593 0.18020833333333333 0.47962962962962963