4 0.4734375 0.18888888888888888 0.05520833333333333 0.08148148148148149
4 0.44479166666666664 0.750925925925926 0.15416666666666667 0.29814814814814816
5 0.5197916666666667 0.34074074074074073 0.09375 0.22962962962962963
4 0.45416666666666666 0.16666666666666669 0.08541666666666667 0.07407407407407407
4 0.7088541666666667 0.036111111111111115 0.03229166666666666 0.05
4 0.790625 0.028703703703703703 0.03333333333333333 0.05740740740740741
4 0.5744791666666667 0.23425925925925928 0.059375 0.10185185185185186
4 0.7958333333333333 0.08425925925925926 0.04375 0.061111111111111116
4 0.8458333333333333 0.05277777777777778 0.041666666666666664 0.06481481481481481
4 0.5932291666666667 0.09537037037037037 0.040625 0.06851851851851852
4 0.6484375 0.11018518518518519 0.03854166666666667 0.07222222222222223
4 0.6453125 0.06296296296296297 0.03229166666666666 0.05185185185185186
3 0.490625 0.08425925925925926 0.12708333333333333 0.1462962962962963