5 0.7145833333333333 0.887962962962963 0.15833333333333333 0.22037037037037038
4 0.6682291666666667 0.45462962962962966 0.08645833333333333 0.1574074074074074
4 0.5197916666666667 0.1462962962962963 0.03958333333333333 0.07037037037037037
5 0.60625 0.20925925925925926 0.05625 0.11481481481481481
5 0.7630208333333334 0.058333333333333334 0.034375 0.053703703703703705
4 0.575 0.3490740740740741 0.08125 0.12037037037037038
4 0.5895833333333333 0.15462962962962964 0.041666666666666664 0.07222222222222223
4 0.7989583333333333 0.09444444444444444 0.041666666666666664 0.05555555555555556
4 0.7036458333333333 0.19814814814814816 0.06145833333333333 0.0962962962962963
4 0.5515625 0.08888888888888889 0.028125 0.05185185185185186
4 0.8859374999999999 0.1824074074074074 0.06145833333333333 0.07962962962962963
4 0.6119791666666666 0.06666666666666667 0.034375 0.05555555555555556
3 0.4552083333333333 0.4759259259259259 0.175 0.4703703703703704