4 0.8046875 0.14444444444444446 0.03854166666666667 0.04814814814814815
4 0.6348958333333333 0.5962962962962963 0.11145833333333333 0.23333333333333334
4 0.4609375 0.7361111111111112 0.12604166666666666 0.30185185185185187
4 0.8296875 0.6083333333333334 0.12395833333333334 0.19814814814814816
5 0.5864583333333333 0.26296296296296295 0.05 0.11481481481481481
5 0.5869791666666666 0.16574074074074074 0.030208333333333334 0.07222222222222223
4 0.5661458333333333 0.12592592592592594 0.028125 0.044444444444444446
4 0.6078125 0.10092592592592593 0.026041666666666668 0.04259259259259259
4 0.5677083333333334 0.08796296296296297 0.020833333333333332 0.03518518518518519
3 0.7484375 0.075 0.065625 0.11296296296296297
3 0.9369791666666667 0.21666666666666667 0.12395833333333334 0.1851851851851852