4 0.78125 0.1175925925925926 0.029166666666666667 0.04259259259259259
4 0.71875 0.10925925925925926 0.029166666666666667 0.040740740740740744
4 0.6333333333333333 0.4990740740740741 0.08541666666666667 0.16111111111111112
4 0.6651041666666666 0.3666666666666667 0.07604166666666666 0.11481481481481481
4 0.8973958333333333 0.20092592592592592 0.04895833333333333 0.06481481481481481
4 0.6583333333333333 0.2351851851851852 0.05 0.07777777777777778
4 0.5817708333333333 0.15462962962962964 0.03229166666666666 0.061111111111111116
4 0.5286458333333334 0.15 0.030208333333333334 0.05925925925925926
4 0.6411458333333333 0.1462962962962963 0.03229166666666666 0.05185185185185186
5 0.5791666666666666 0.09907407407407408 0.027083333333333334 0.053703703703703705
3 0.8223958333333333 0.11018518518518519 0.08229166666666667 0.1462962962962963