5 0.21458333333333332 0.8425925925925927 0.2375 0.3111111111111111
4 0.4817708333333333 0.2064814814814815 0.059375 0.07962962962962963
4 0.7161458333333334 0.06666666666666667 0.030208333333333334 0.05185185185185186
4 0.5744791666666667 0.23055555555555557 0.05520833333333333 0.09074074074074075
4 0.5828125 0.15555555555555556 0.042708333333333334 0.06296296296296297
4 0.6765625 0.38333333333333336 0.07604166666666666 0.13703703703703704
4 0.7338541666666667 0.11018518518518519 0.03854166666666667 0.05740740740740741
4 0.6510416666666666 0.15555555555555556 0.041666666666666664 0.07037037037037037
4 0.8677083333333333 0.18333333333333335 0.058333333333333334 0.07777777777777778
4 0.5901041666666667 0.11388888888888889 0.034375 0.06481481481481481
4 0.6395833333333333 0.10277777777777779 0.035416666666666666 0.06481481481481481
4 0.9302083333333333 0.2490740740740741 0.07708333333333334 0.09814814814814815
3 0.4875 0.12222222222222223 0.125 0.15185185185185185