4 0.4666666666666667 0.18425925925925926 0.058333333333333334 0.07962962962962963
5 0.6546875 0.4712962962962963 0.11354166666666667 0.25
4 0.6625 0.9194444444444445 0.15208333333333332 0.1574074074074074
4 0.6229166666666667 0.32592592592592595 0.07083333333333333 0.12592592592592594
4 0.546875 0.1527777777777778 0.03958333333333333 0.07222222222222223
4 0.7864583333333334 0.06574074074074074 0.03333333333333333 0.053703703703703705
4 0.678125 0.20833333333333334 0.06875 0.10185185185185186
4 0.5666666666666667 0.10833333333333334 0.03125 0.05740740740740741
4 0.6192708333333333 0.09351851851851853 0.034375 0.053703703703703705
4 0.65625 0.11851851851851852 0.03958333333333333 0.06296296296296297
4 0.8520833333333333 0.18888888888888888 0.058333333333333334 0.08518518518518518
3 0.45468749999999997 0.47222222222222227 0.171875 0.45925925925925926