4 0.49947916666666664 0.16296296296296298 0.03854166666666667 0.05925925925925926
4 0.584375 0.20092592592592592 0.04375 0.07222222222222223
4 0.7744791666666666 0.46111111111111114 0.10729166666666666 0.16666666666666669
5 0.5182291666666666 0.19166666666666668 0.046875 0.10925925925925926
4 0.5640625 0.13518518518518519 0.03229166666666666 0.05555555555555556
4 0.6953125 0.10092592592592593 0.03229166666666666 0.053703703703703705
4 0.7265625 0.08796296296296297 0.034375 0.05740740740740741
4 0.58125 0.09722222222222222 0.03958333333333333 0.05740740740740741
4 0.6427083333333333 0.15 0.05 0.08148148148148149
4 0.8166666666666667 0.18796296296296297 0.06666666666666667 0.07592592592592592
4 0.565625 0.03981481481481482 0.025 0.03888888888888889
3 0.5166666666666666 0.036111111111111115 0.035416666666666666 0.07222222222222223
3 0.44895833333333335 0.4740740740740741 0.17083333333333334 0.5074074074074074