4 0.4713541666666667 0.2064814814814815 0.05520833333333333 0.07592592592592592
4 0.4192708333333333 0.8231481481481482 0.165625 0.31666666666666665
4 0.5380208333333333 0.24166666666666667 0.059375 0.10925925925925926
4 0.584375 0.4740740740740741 0.10416666666666667 0.1925925925925926
4 0.6421875 0.24537037037037038 0.057291666666666664 0.10555555555555556
4 0.5755208333333334 0.1638888888888889 0.04479166666666667 0.07592592592592592
4 0.796875 0.10277777777777779 0.04583333333333333 0.06481481481481481
4 0.7604166666666666 0.14907407407407408 0.05 0.07222222222222223
4 0.6484375 0.1638888888888889 0.042708333333333334 0.07592592592592592
5 0.5932291666666667 0.0962962962962963 0.04479166666666667 0.08888888888888889
5 0.8328125 0.13703703703703704 0.057291666666666664 0.0925925925925926
4 0.43906249999999997 0.18055555555555555 0.078125 0.07222222222222223
4 0.8588541666666667 0.24444444444444446 0.071875 0.0962962962962963
4 0.8604166666666666 0.3907407407407408 0.10833333333333334 0.15185185185185185
3 0.490625 0.10185185185185186 0.12708333333333333 0.15925925925925927