4 0.5958333333333333 0.7305555555555556 0.15208333333333332 0.3055555555555556
4 0.484375 0.10648148148148148 0.027083333333333334 0.04259259259259259
5 0.5802083333333333 0.1388888888888889 0.03125 0.05185185185185186
4 0.5723958333333333 0.10462962962962963 0.026041666666666668 0.05
4 0.64375 0.1462962962962963 0.03958333333333333 0.06296296296296297
4 0.6213541666666667 0.09351851851851853 0.036458333333333336 0.061111111111111116
4 0.8557291666666667 0.16111111111111112 0.051041666666666666 0.07037037037037037
4 0.6541666666666667 0.04722222222222222 0.022916666666666665 0.03518518518518519
5 0.6958333333333333 0.05 0.027083333333333334 0.044444444444444446
4 0.5536458333333333 0.07407407407407407 0.026041666666666668 0.040740740740740744
4 0.5557291666666666 0.03796296296296296 0.019791666666666666 0.02777777777777778
3 0.5114583333333333 0.1712962962962963 0.08958333333333333 0.18703703703703706