4 0.5416666666666666 0.2425925925925926 0.0625 0.0962962962962963
5 0.6494791666666666 0.500925925925926 0.11354166666666667 0.2537037037037037
4 0.603125 0.3416666666666667 0.06666666666666667 0.1277777777777778
4 0.7171875 0.3074074074074074 0.08645833333333333 0.14444444444444446
3 0.5026041666666666 0.07222222222222223 0.051041666666666666 0.14444444444444446
4 0.5760416666666667 0.1175925925925926 0.035416666666666666 0.05740740740740741
4 0.6598958333333333 0.1787037037037037 0.053125 0.07222222222222223
4 0.6869791666666667 0.07685185185185185 0.036458333333333336 0.053703703703703705
4 0.6208333333333333 0.10277777777777779 0.035416666666666666 0.05
5 0.6130208333333333 0.061111111111111116 0.030208333333333334 0.05185185185185186
4 0.5609375 0.05185185185185186 0.02395833333333333 0.040740740740740744
4 0.884375 0.24537037037037038 0.075 0.09444444444444444
3 0.4473958333333333 0.4675925925925926 0.17395833333333333 0.5055555555555555