4 0.6348958333333333 0.4240740740740741 0.084375 0.15185185185185185
4 0.7859375 0.7935185185185185 0.196875 0.312962962962963
4 0.7651041666666667 0.05925925925925926 0.036458333333333336 0.044444444444444446
4 0.7369791666666666 0.2925925925925926 0.07604166666666666 0.11481481481481481
4 0.6197916666666666 0.1851851851851852 0.05 0.08148148148148149
4 0.7984375 0.0787037037037037 0.040625 0.05740740740740741
4 0.7041666666666666 0.040740740740740744 0.027083333333333334 0.044444444444444446
4 0.7953125 0.032407407407407406 0.03229166666666666 0.03888888888888889
4 0.6020833333333333 0.12222222222222223 0.0375 0.06296296296296297
4 0.6885416666666666 0.15833333333333333 0.04791666666666666 0.07222222222222223
4 0.7354166666666666 0.08703703703703704 0.0375 0.05185185185185186
4 0.8802083333333334 0.10555555555555556 0.04375 0.05555555555555556
4 0.8723958333333334 0.16018518518518518 0.059375 0.07222222222222223
5 0.596875 0.07407407407407407 0.027083333333333334 0.04814814814814815
4 0.9130208333333333 0.2175925925925926 0.059375 0.08333333333333334
4 0.59375 0.04814814814814815 0.020833333333333332 0.037037037037037035
4 0.978125 0.29444444444444445 0.041666666666666664 0.11111111111111112
3 0.5171875 0.2138888888888889 0.09479166666666666 0.2240740740740741