4 0.6932291666666667 0.6435185185185185 0.13645833333333332 0.2388888888888889
5 0.6583333333333333 0.362962962962963 0.0875 0.1962962962962963
4 0.5942708333333333 0.29814814814814816 0.06770833333333333 0.11851851851851852
4 0.6234375 0.20925925925925926 0.06354166666666666 0.10370370370370371
5 0.8583333333333333 0.512962962962963 0.13125 0.2740740740740741
4 0.75 0.27870370370370373 0.075 0.13518518518518519
4 0.7427083333333333 0.022222222222222223 0.03125 0.044444444444444446
4 0.7145833333333333 0.20185185185185187 0.0625 0.08888888888888889
4 0.6057291666666667 0.125 0.042708333333333334 0.07222222222222223
4 0.790625 0.07037037037037037 0.03958333333333333 0.05185185185185186
4 0.8109375 0.11666666666666667 0.04895833333333333 0.07777777777777778
4 0.8765625 0.09722222222222222 0.04479166666666667 0.05740740740740741
4 0.6671875 0.08611111111111111 0.03854166666666667 0.05740740740740741
5 0.5817708333333333 0.07037037037037037 0.028125 0.06666666666666667
4 0.9093749999999999 0.1638888888888889 0.06458333333333333 0.07962962962962963
4 0.6046875 0.05277777777777778 0.030208333333333334 0.0462962962962963
4 0.9473958333333333 0.34351851851851856 0.103125 0.13148148148148148
3 0.4354166666666667 0.6398148148148148 0.26666666666666666 0.6944444444444444