4 0.4692708333333333 0.22037037037037038 0.05520833333333333 0.08148148148148149
4 0.39791666666666664 0.6861111111111111 0.16041666666666665 0.30185185185185187
4 0.6510416666666666 0.25277777777777777 0.058333333333333334 0.10185185185185186
4 0.5932291666666667 0.125 0.034375 0.061111111111111116
4 0.7125 0.07037037037037037 0.029166666666666667 0.04814814814814815
4 0.7583333333333333 0.07314814814814816 0.03333333333333333 0.05
4 0.8026041666666667 0.062037037037037036 0.034375 0.05
4 0.51875 0.362962962962963 0.08125 0.14074074074074075
5 0.5614583333333333 0.16574074074074074 0.041666666666666664 0.09444444444444444
4 0.746875 0.17314814814814816 0.05416666666666667 0.07222222222222223
4 0.6473958333333333 0.11203703703703705 0.036458333333333336 0.061111111111111116
4 0.8958333333333334 0.24814814814814815 0.075 0.0962962962962963
4 0.865625 0.4064814814814815 0.10208333333333333 0.1462962962962963
4 0.5619791666666667 0.10185185185185186 0.034375 0.06296296296296297
4 0.6166666666666667 0.08518518518518518 0.035416666666666666 0.04814814814814815
3 0.4875 0.11388888888888889 0.12916666666666665 0.16111111111111112