4 0.6114583333333333 0.10462962962962963 0.029166666666666667 0.0462962962962963
4 0.6296875 0.17037037037037037 0.036458333333333336 0.05185185185185186
4 0.3776041666666667 0.19444444444444445 0.051041666666666666 0.06296296296296297
4 0.4588541666666667 0.16018518518518518 0.034375 0.05740740740740741
4 0.5125 0.13240740740740742 0.03125 0.05
4 0.6135416666666667 0.22037037037037038 0.04583333333333333 0.08148148148148149
4 0.7458333333333333 0.3564814814814815 0.08125 0.11296296296296297
4 0.49895833333333334 0.08703703703703704 0.027083333333333334 0.040740740740740744
4 0.6703125 0.45092592592592595 0.09895833333333333 0.1537037037037037
4 0.5244791666666666 0.0962962962962963 0.026041666666666668 0.040740740740740744
5 0.4864583333333333 0.06574074074074074 0.027083333333333334 0.053703703703703705
4 0.8937499999999999 0.6231481481481481 0.15208333333333332 0.2240740740740741
4 0.740625 0.7925925925925926 0.17291666666666666 0.2814814814814815
3 0.9135416666666667 0.3907407407407408 0.17083333333333334 0.362962962962963
3 0.6989583333333333 0.21296296296296297 0.10208333333333333 0.20370370370370372
3 0.15104166666666666 0.6759259259259259 0.3020833333333333 0.6148148148148148