4 0.6921875 0.037037037037037035 0.019791666666666666 0.02592592592592593
4 0.7026041666666667 0.05185185185185186 0.02395833333333333 0.037037037037037035
4 0.22083333333333333 0.4083333333333333 0.1 0.1277777777777778
4 0.7375 0.020370370370370372 0.022916666666666665 0.02592592592592593
4 0.7192708333333333 0.026851851851851852 0.019791666666666666 0.031481481481481485
4 0.7328125 0.05648148148148149 0.030208333333333334 0.024074074074074074
4 0.7416666666666667 0.04722222222222222 0.020833333333333332 0.031481481481481485
4 0.3536458333333333 0.2712962962962963 0.07395833333333333 0.08703703703703704
4 0.7296875 0.08611111111111111 0.028125 0.03888888888888889
4 0.7776041666666667 0.07407407407407407 0.028125 0.044444444444444446
4 0.7645833333333333 0.1 0.03333333333333333 0.05185185185185186
5 0.6859375 0.07962962962962963 0.028125 0.04814814814814815
4 0.7942708333333334 0.687962962962963 0.140625 0.2425925925925926
4 0.8119791666666667 0.09444444444444444 0.036458333333333336 0.05185185185185186
4 0.628125 0.09722222222222222 0.029166666666666667 0.04259259259259259
4 0.5942708333333333 0.07314814814814816 0.021875 0.03888888888888889
4 0.7942708333333334 0.14537037037037037 0.042708333333333334 0.05740740740740741
4 0.8692708333333333 0.15925925925925927 0.051041666666666666 0.05555555555555556
4 0.875 0.20185185185185187 0.058333333333333334 0.06666666666666667
4 0.9166666666666666 0.1388888888888889 0.07083333333333333 0.06666666666666667
4 0.584375 0.03425925925925926 0.01875 0.031481481481481485
4 0.6088541666666667 0.019444444444444445 0.017708333333333333 0.03888888888888889
3 0.5489583333333333 0.11666666666666667 0.05 0.13703703703703704