4 0.796875 0.0638888888888889 0.035416666666666666 0.05
4 0.7869791666666667 0.11111111111111112 0.03854166666666667 0.05555555555555556
4 0.5614583333333333 0.17037037037037037 0.03958333333333333 0.07407407407407407
4 0.5984375 0.12314814814814816 0.034375 0.05740740740740741
4 0.6645833333333333 0.15462962962962964 0.04583333333333333 0.07222222222222223
4 0.6703125 0.5731481481481482 0.11979166666666667 0.19814814814814816
4 0.8307291666666666 0.16944444444444445 0.05520833333333333 0.07592592592592592
4 0.5395833333333333 0.11296296296296297 0.03125 0.05185185185185186
5 0.5911458333333334 0.08703703703703704 0.030208333333333334 0.05925925925925926
4 0.6427083333333333 0.09444444444444444 0.03333333333333333 0.05555555555555556
4 0.9359375 0.2564814814814815 0.078125 0.10185185185185186
4 0.5385416666666667 0.075 0.025 0.03888888888888889
4 0.6083333333333333 0.06481481481481481 0.027083333333333334 0.04814814814814815
3 0.4578125 0.5962962962962963 0.20729166666666665 0.6777777777777778