5 0.3328125 0.26203703703703707 0.121875 0.09444444444444444
4 0.6140625 0.5675925925925926 0.09270833333333334 0.1685185185185185
5 0.5869791666666666 0.2888888888888889 0.04479166666666667 0.11481481481481481
4 0.6859375 0.2925925925925926 0.057291666666666664 0.08888888888888889
4 0.8453125 0.2574074074074074 0.05520833333333333 0.07037037037037037
4 0.7984375 0.1574074074074074 0.03854166666666667 0.04814814814814815
4 0.8046875 0.18611111111111112 0.046875 0.05740740740740741
4 0.7526041666666666 0.16574074074074074 0.03854166666666667 0.0462962962962963
4 0.7546875 0.1277777777777778 0.03229166666666666 0.040740740740740744
4 0.7296875 0.14722222222222223 0.03229166666666666 0.04259259259259259
5 0.7088541666666667 0.11851851851851852 0.028125 0.05185185185185186
4 0.859375 0.30185185185185187 0.06458333333333333 0.08518518518518518
4 0.634375 0.19444444444444445 0.035416666666666666 0.05555555555555556
4 0.571875 0.17314814814814816 0.03125 0.053703703703703705
4 0.603125 0.13796296296296298 0.029166666666666667 0.0462962962962963
4 0.5364583333333334 0.13240740740740742 0.025 0.04259259259259259
3 0.8947916666666667 0.19351851851851853 0.11458333333333333 0.1462962962962963