4 0.8036458333333333 0.06481481481481481 0.036458333333333336 0.05555555555555556
4 0.7447916666666666 0.05925925925925926 0.029166666666666667 0.044444444444444446
4 0.7989583333333333 0.11851851851851852 0.041666666666666664 0.05555555555555556
4 0.5614583333333333 0.15185185185185185 0.035416666666666666 0.07037037037037037
4 0.5989583333333334 0.10833333333333334 0.03125 0.053703703703703705
4 0.6604166666666667 0.13148148148148148 0.041666666666666664 0.06296296296296297
4 0.6416666666666666 0.47222222222222227 0.10833333333333334 0.15925925925925927
4 0.8557291666666667 0.18796296296296297 0.06145833333333333 0.07962962962962963
4 0.5421875 0.1 0.030208333333333334 0.05185185185185186
5 0.5927083333333333 0.07592592592592592 0.027083333333333334 0.05555555555555556
4 0.6416666666666666 0.07962962962962963 0.03125 0.04814814814814815
4 0.9666666666666667 0.2990740740740741 0.06458333333333333 0.11666666666666667
3 0.4578125 0.5861111111111111 0.21145833333333333 0.6648148148148149