5 0.37604166666666666 0.24814814814814815 0.12083333333333333 0.08888888888888889
4 0.596875 0.425 0.06875 0.1277777777777778
5 0.5828125 0.24166666666666667 0.03854166666666667 0.09814814814814815
4 0.6604166666666667 0.23611111111111113 0.04791666666666666 0.07592592592592592
4 0.8552083333333333 0.26944444444444443 0.058333333333333334 0.07592592592592592
4 0.8109375 0.16296296296296298 0.036458333333333336 0.05185185185185186
4 0.7916666666666666 0.18796296296296297 0.052083333333333336 0.053703703703703705
4 0.7583333333333333 0.1685185185185185 0.03958333333333333 0.04814814814814815
4 0.7630208333333334 0.13611111111111113 0.03229166666666666 0.0462962962962963
4 0.7302083333333333 0.14537037037037037 0.03333333333333333 0.04259259259259259
5 0.7098958333333333 0.1175925925925926 0.028125 0.05
4 0.6958333333333333 0.11203703703703705 0.027083333333333334 0.04259259259259259
4 0.8713541666666667 0.32037037037037036 0.06979166666666667 0.0925925925925926
4 0.6239583333333333 0.1685185185185185 0.03125 0.05185185185185186
4 0.5682291666666667 0.1527777777777778 0.028125 0.0462962962962963
4 0.6015625 0.1175925925925926 0.026041666666666668 0.04259259259259259
3 0.9140625 0.20462962962962963 0.121875 0.1685185185185185