4 0.678125 0.5370370370370371 0.09791666666666667 0.18888888888888888
4 0.5151041666666667 0.15462962962962964 0.046875 0.07222222222222223
5 0.6104166666666666 0.23148148148148148 0.06041666666666667 0.12962962962962962
5 0.7572916666666667 0.05462962962962963 0.03333333333333333 0.05740740740740741
4 0.5973958333333333 0.3824074074074074 0.096875 0.13148148148148148
4 0.5921875 0.17314814814814816 0.040625 0.07962962962962963
4 0.7958333333333333 0.08611111111111111 0.035416666666666666 0.053703703703703705
4 0.7208333333333333 0.23240740740740742 0.06875 0.10925925925925926
4 0.5515625 0.09814814814814815 0.03229166666666666 0.05185185185185186
4 0.8671875 0.16296296296296298 0.05520833333333333 0.07777777777777778
4 0.6171875 0.07962962962962963 0.036458333333333336 0.05925925925925926
4 0.5619791666666667 0.05277777777777778 0.021875 0.03518518518518519
3 0.45468749999999997 0.4777777777777778 0.17395833333333333 0.46296296296296297