4 0.6979166666666666 0.025 0.01875 0.02777777777777778
4 0.17083333333333334 0.46851851851851856 0.11458333333333333 0.15555555555555556
4 0.7260416666666667 0.03333333333333333 0.025 0.02592592592592593
4 0.7208333333333333 0.011111111111111112 0.01875 0.022222222222222223
4 0.3171875 0.3111111111111111 0.06354166666666666 0.10370370370370371
4 0.725 0.06018518518518519 0.027083333333333334 0.03888888888888889
4 0.7661458333333333 0.040740740740740744 0.02395833333333333 0.022222222222222223
4 0.7604166666666666 0.07222222222222223 0.029166666666666667 0.037037037037037035
5 0.6776041666666667 0.04351851851851852 0.021875 0.04259259259259259
4 0.7932291666666667 0.05740740740740741 0.03229166666666666 0.044444444444444446
4 0.65625 0.14537037037037037 0.041666666666666664 0.06851851851851852
4 0.6005208333333333 0.10092592592592593 0.030208333333333334 0.05
4 0.7692708333333333 0.09907407407407408 0.03854166666666667 0.05
4 0.81875 0.11388888888888889 0.05 0.05
4 0.8239583333333333 0.14351851851851852 0.052083333333333336 0.061111111111111116
4 0.8802083333333334 0.11574074074074074 0.06875 0.06851851851851852
4 0.5854166666666667 0.031481481481481485 0.022916666666666665 0.037037037037037035
4 0.6145833333333334 0.016666666666666666 0.020833333333333332 0.03333333333333333
4 0.5421875 0.02777777777777778 0.017708333333333333 0.02962962962962963
3 0.5328125 0.14907407407407408 0.078125 0.17592592592592593