4 0.6979166666666666 0.04722222222222222 0.020833333333333332 0.03518518518518519
4 0.7104166666666667 0.05925925925925926 0.022916666666666665 0.037037037037037035
4 0.4588541666666667 0.21481481481481482 0.08020833333333333 0.07777777777777778
4 0.734375 0.06851851851851852 0.025 0.037037037037037035
4 0.7604166666666666 0.05648148148148149 0.022916666666666665 0.024074074074074074
4 0.7401041666666667 0.03796296296296296 0.021875 0.020370370370370372
4 0.7770833333333333 0.02592592592592593 0.022916666666666665 0.02592592592592593
4 0.7760416666666666 0.07037037037037037 0.025 0.04814814814814815
4 0.7635416666666667 0.09722222222222222 0.03125 0.0462962962962963
4 0.7473958333333334 0.08425925925925926 0.021875 0.031481481481481485
4 0.5984375 0.21851851851851853 0.040625 0.08148148148148149
4 0.553125 0.11851851851851852 0.025 0.05185185185185186
4 0.646875 0.16944444444444445 0.0375 0.06851851851851852
4 0.7395833333333334 0.12314814814814816 0.03125 0.0462962962962963
4 0.796875 0.125 0.0375 0.04259259259259259
4 0.6223958333333334 0.10462962962962963 0.03229166666666666 0.053703703703703705
4 0.828125 0.16018518518518518 0.04791666666666666 0.06851851851851852
5 0.7755208333333333 0.18703703703703706 0.057291666666666664 0.08888888888888889
4 0.6161458333333333 0.05740740740740741 0.02395833333333333 0.037037037037037035
3 0.5442708333333334 0.032407407407407406 0.028125 0.06481481481481481