5 0.2713541666666667 0.7796296296296297 0.20520833333333333 0.3888888888888889
4 0.4848958333333333 0.20462962962962963 0.06354166666666666 0.06851851851851852
4 0.7177083333333333 0.075 0.03333333333333333 0.053703703703703705
4 0.5802083333333333 0.2175925925925926 0.05625 0.08703703703703704
4 0.5848958333333333 0.1527777777777778 0.040625 0.061111111111111116
4 0.6708333333333333 0.3351851851851852 0.06875 0.11851851851851852
4 0.7395833333333334 0.125 0.041666666666666664 0.05740740740740741
4 0.6489583333333333 0.14814814814814814 0.03958333333333333 0.06666666666666667
4 0.8781249999999999 0.2064814814814815 0.06458333333333333 0.08333333333333334
4 0.5901041666666667 0.11203703703703705 0.034375 0.05740740740740741
4 0.6375 0.10185185185185186 0.035416666666666666 0.06666666666666667
4 0.9520833333333333 0.28055555555555556 0.09375 0.10925925925925926
3 0.4869791666666667 0.12592592592592594 0.12395833333333334 0.15925925925925927