4 0.8020833333333334 0.0638888888888889 0.0375 0.05
4 0.7432291666666666 0.058333333333333334 0.030208333333333334 0.04259259259259259
4 0.7947916666666667 0.11666666666666667 0.041666666666666664 0.05925925925925926
4 0.5609375 0.1574074074074074 0.03854166666666667 0.07037037037037037
4 0.5989583333333334 0.11388888888888889 0.03333333333333333 0.053703703703703705
4 0.6625 0.14074074074074075 0.04375 0.06666666666666667
4 0.6515625 0.5 0.11145833333333333 0.17037037037037037
4 0.8458333333333333 0.1814814814814815 0.06041666666666667 0.07777777777777778
4 0.5416666666666666 0.10462962962962963 0.03125 0.05
5 0.5921875 0.0787037037037037 0.030208333333333334 0.05740740740740741
4 0.6421875 0.08518518518518518 0.034375 0.05185185185185186
4 0.9609375 0.28611111111111115 0.07604166666666666 0.11666666666666667
3 0.4578125 0.5907407407407408 0.21145833333333333 0.6703703703703704