4 0.7416666666666667 0.8805555555555555 0.17291666666666666 0.2351851851851852
5 0.6765625 0.45462962962962966 0.103125 0.2388888888888889
4 0.6088541666666667 0.34814814814814815 0.071875 0.12962962962962962
4 0.628125 0.2490740740740741 0.06875 0.12407407407407407
4 0.7942708333333334 0.3768518518518519 0.09479166666666666 0.17222222222222222
4 0.7359375 0.25833333333333336 0.071875 0.10555555555555556
4 0.6083333333333333 0.15092592592592594 0.04375 0.07592592592592592
4 0.7713541666666667 0.058333333333333334 0.034375 0.04259259259259259
4 0.7958333333333333 0.0962962962962963 0.04375 0.06666666666666667
4 0.8541666666666666 0.08333333333333334 0.041666666666666664 0.05185185185185186
4 0.6822916666666666 0.1175925925925926 0.03958333333333333 0.06481481481481481
5 0.5848958333333333 0.09074074074074075 0.03229166666666666 0.06296296296296297
4 0.8791666666666667 0.13703703703703704 0.05625 0.07037037037037037
4 0.6104166666666666 0.07592592592592592 0.029166666666666667 0.05185185185185186
4 0.8692708333333333 0.24074074074074076 0.07395833333333333 0.0925925925925926
4 0.5984375 0.031481481481481485 0.02395833333333333 0.044444444444444446
3 0.3911458333333333 0.6638888888888889 0.334375 0.6685185185185185