5 0.6473958333333333 0.7444444444444445 0.11562499999999999 0.32962962962962966
4 0.8088541666666667 0.22314814814814815 0.040625 0.053703703703703705
4 0.75 0.13425925925925927 0.029166666666666667 0.03888888888888889
4 0.7697916666666667 0.15555555555555556 0.035416666666666666 0.044444444444444446
4 0.7260416666666667 0.15555555555555556 0.027083333333333334 0.040740740740740744
4 0.7057291666666666 0.1388888888888889 0.028125 0.037037037037037035
4 0.8088541666666667 0.2555555555555556 0.053125 0.06666666666666667
4 0.7234375 0.41481481481481486 0.071875 0.12222222222222223
4 0.5885416666666666 0.3148148148148148 0.052083333333333336 0.08888888888888889
4 0.5963541666666666 0.24074074074074076 0.040625 0.06666666666666667
4 0.5286458333333334 0.21574074074074076 0.034375 0.061111111111111116
4 0.5770833333333333 0.1851851851851852 0.029166666666666667 0.05185185185185186
4 0.571875 0.1574074074074074 0.027083333333333334 0.040740740740740744
4 0.9802083333333333 0.40925925925925927 0.035416666666666666 0.11481481481481481
3 0.8234374999999999 0.16296296296296298 0.08020833333333333 0.12592592592592594
3 0.9401041666666666 0.23148148148148148 0.11770833333333333 0.22962962962962963