4 0.7348958333333333 0.03518518518518519 0.030208333333333334 0.040740740740740744
4 0.8942708333333333 0.6712962962962963 0.16145833333333334 0.25
4 0.64375 0.34074074074074073 0.075 0.12962962962962962
4 0.7609375 0.05185185185185186 0.034375 0.04814814814814815
4 0.6041666666666666 0.22870370370370371 0.05416666666666667 0.09074074074074075
4 0.7677083333333333 0.3740740740740741 0.08541666666666667 0.13703703703703704
4 0.8192708333333333 0.06296296296296297 0.036458333333333336 0.04814814814814815
4 0.7953125 0.08796296296296297 0.040625 0.05
5 0.6109375 0.15 0.03854166666666667 0.07777777777777778
4 0.8270833333333333 0.11481481481481481 0.041666666666666664 0.05925925925925926
4 0.6041666666666666 0.09814814814814815 0.03333333333333333 0.04814814814814815
4 0.9046875 0.13796296296296298 0.053125 0.06481481481481481
4 0.8109375 0.1787037037037037 0.059375 0.08333333333333334
4 0.5390625 0.05555555555555556 0.028125 0.04814814814814815
5 0.5911458333333334 0.05092592592592593 0.028125 0.05740740740740741
4 0.6447916666666667 0.061111111111111116 0.029166666666666667 0.04814814814814815
5 0.9609375 0.23240740740740742 0.07604166666666666 0.12037037037037038
4 0.47291666666666665 0.18055555555555555 0.08541666666666667 0.06481481481481481
3 0.48020833333333335 0.3731481481481482 0.14166666666666666 0.37222222222222223