4 0.46510416666666665 0.19166666666666668 0.057291666666666664 0.07962962962962963
5 0.6739583333333333 0.575925925925926 0.13333333333333333 0.3
4 0.6354166666666666 0.37962962962962965 0.08333333333333333 0.12592592592592594
4 0.5479166666666666 0.17222222222222222 0.041666666666666664 0.07407407407407407
4 0.778125 0.05740740740740741 0.03125 0.05185185185185186
4 0.70625 0.2657407407407408 0.08125 0.12407407407407407
4 0.5661458333333333 0.12685185185185185 0.03229166666666666 0.061111111111111116
4 0.63125 0.11666666666666667 0.03958333333333333 0.05925925925925926
4 0.6682291666666667 0.1564814814814815 0.04479166666666667 0.07222222222222223
4 0.8203125 0.15 0.04895833333333333 0.07407407407407407
4 0.5546875 0.062037037037037036 0.028125 0.04259259259259259
3 0.4536458333333333 0.48333333333333334 0.18229166666666666 0.4777777777777778