4 0.6119791666666666 0.11111111111111112 0.030208333333333334 0.04814814814814815
4 0.6296875 0.18055555555555555 0.036458333333333336 0.05740740740740741
4 0.38125 0.1925925925925926 0.04583333333333333 0.06666666666666667
4 0.4609375 0.1574074074074074 0.034375 0.05925925925925926
4 0.515625 0.13148148148148148 0.03333333333333333 0.05185185185185186
4 0.6140625 0.23333333333333334 0.04895833333333333 0.08148148148148149
4 0.7505208333333333 0.3712962962962963 0.08229166666666667 0.12037037037037038
4 0.5 0.08611111111111111 0.025 0.03888888888888889
4 0.6755208333333333 0.47500000000000003 0.103125 0.16481481481481483
4 0.5255208333333333 0.08611111111111111 0.021875 0.03518518518518519
5 0.4869791666666667 0.06574074074074074 0.02395833333333333 0.05
4 0.9005208333333333 0.6527777777777778 0.14895833333333333 0.2388888888888889
4 0.7578125 0.8388888888888889 0.18854166666666666 0.26666666666666666
3 0.915625 0.3962962962962963 0.16666666666666666 0.3703703703703704
3 0.7015625 0.21944444444444444 0.10520833333333333 0.21296296296296297
3 0.15729166666666666 0.6564814814814816 0.3145833333333333 0.6462962962962964