4 0.50625 0.17962962962962964 0.035416666666666666 0.07037037037037037
4 0.5942708333333333 0.25462962962962965 0.04895833333333333 0.09074074074074075
5 0.5244791666666666 0.21944444444444444 0.04895833333333333 0.11296296296296297
4 0.5708333333333333 0.17037037037037037 0.04583333333333333 0.07777777777777778
4 0.6697916666666667 0.06944444444444445 0.03333333333333333 0.04259259259259259
4 0.6864583333333333 0.04722222222222222 0.027083333333333334 0.04259259259259259
4 0.628125 0.14444444444444446 0.04791666666666666 0.08518518518518518
4 0.7244791666666667 0.37592592592592594 0.08854166666666667 0.15555555555555556
4 0.7375 0.10555555555555556 0.04791666666666666 0.05555555555555556
4 0.5739583333333333 0.06759259259259259 0.03125 0.053703703703703705
3 0.515625 0.04351851851851852 0.0375 0.08703703703703704
4 0.8765625 0.20277777777777778 0.071875 0.08703703703703704
3 0.45 0.46944444444444444 0.17291666666666666 0.5092592592592593