4 0.4765625 0.2101851851851852 0.05520833333333333 0.07222222222222223
4 0.5609375 0.26944444444444443 0.06354166666666666 0.10555555555555556
4 0.5776041666666667 0.17407407407407408 0.04479166666666667 0.07037037037037037
4 0.6911458333333333 0.5351851851851852 0.10104166666666667 0.1962962962962963
4 0.7260416666666667 0.08611111111111111 0.03333333333333333 0.053703703703703705
4 0.6526041666666667 0.17962962962962964 0.04479166666666667 0.07407407407407407
4 0.85625 0.15185185185185185 0.04791666666666666 0.07037037037037037
4 0.5880208333333333 0.12037037037037038 0.03854166666666667 0.06296296296296297
4 0.6416666666666666 0.12037037037037038 0.03958333333333333 0.07777777777777778
4 0.9026041666666667 0.20462962962962963 0.06770833333333333 0.09074074074074075
3 0.48802083333333335 0.11574074074074074 0.128125 0.1537037037037037