4 0.4708333333333333 0.21574074074074076 0.052083333333333336 0.08333333333333334
4 0.6760416666666667 0.8305555555555556 0.15416666666666667 0.3351851851851852
4 0.5791666666666666 0.18333333333333335 0.04583333333333333 0.07777777777777778
5 0.5333333333333333 0.3027777777777778 0.06041666666666667 0.1462962962962963
4 0.7140625 0.08148148148148149 0.034375 0.05555555555555556
4 0.6536458333333334 0.22222222222222224 0.051041666666666666 0.08518518518518518
4 0.7927083333333333 0.11296296296296297 0.041666666666666664 0.05925925925925926
4 0.7588541666666666 0.16574074074074074 0.046875 0.07222222222222223
4 0.5791666666666666 0.12037037037037038 0.0375 0.07037037037037037
4 0.6473958333333333 0.12222222222222223 0.03854166666666667 0.05925925925925926
4 0.8432291666666667 0.20092592592592592 0.06145833333333333 0.08703703703703704
4 0.65 0.08518518518518518 0.03333333333333333 0.04814814814814815
4 0.6015625 0.08888888888888889 0.030208333333333334 0.05185185185185186
3 0.4864583333333333 0.11296296296296297 0.12916666666666665 0.16296296296296298