4 0.4770833333333333 0.13518518518518519 0.027083333333333334 0.07777777777777778
5 0.6161458333333333 0.39166666666666666 0.07395833333333333 0.1388888888888889
4 0.5901041666666667 0.2175925925925926 0.04895833333333333 0.08333333333333334
4 0.91875 0.8296296296296297 0.16041666666666665 0.2814814814814815
4 0.740625 0.36574074074074076 0.1 0.1685185185185185
4 0.734375 0.06481481481481481 0.03333333333333333 0.044444444444444446
4 0.571875 0.1564814814814815 0.03958333333333333 0.05740740740740741
4 0.5635416666666666 0.10555555555555556 0.03125 0.05925925925925926
4 0.6052083333333333 0.08055555555555556 0.03125 0.0462962962962963
5 0.48385416666666664 0.1425925925925926 0.07604166666666666 0.07037037037037037
4 0.5541666666666667 0.04722222222222222 0.025 0.03518518518518519
4 0.9354166666666667 0.42314814814814816 0.12708333333333333 0.1425925925925926
3 0.465625 0.3731481481481482 0.13541666666666666 0.38703703703703707