4 0.48593749999999997 0.12222222222222223 0.040625 0.05555555555555556
4 0.7041666666666666 0.04814814814814815 0.022916666666666665 0.040740740740740744
4 0.6328125 0.3648148148148148 0.07395833333333333 0.12592592592592594
4 0.68125 0.07037037037037037 0.027083333333333334 0.044444444444444446
4 0.7296875 0.09814814814814815 0.036458333333333336 0.044444444444444446
4 0.5380208333333333 0.2351851851851852 0.05520833333333333 0.08888888888888889
3 0.5473958333333333 0.09351851851851853 0.051041666666666666 0.11296296296296297
4 0.5703125 0.08981481481481482 0.021875 0.04259259259259259
4 0.7427083333333333 0.17592592592592593 0.05 0.06666666666666667
4 0.7984375 0.15925925925925927 0.04895833333333333 0.07777777777777778
4 0.6005208333333333 0.05925925925925926 0.026041666666666668 0.040740740740740744