4 0.6927083333333334 0.031481481481481485 0.01875 0.02592592592592593
4 0.7036458333333333 0.0462962962962963 0.021875 0.03333333333333333
4 0.2125 0.4185185185185185 0.10208333333333333 0.12962962962962962
4 0.7395833333333334 0.018518518518518517 0.022916666666666665 0.02592592592592593
4 0.715625 0.020370370370370372 0.020833333333333332 0.040740740740740744
4 0.7348958333333333 0.058333333333333334 0.026041666666666668 0.03888888888888889
4 0.7385416666666667 0.03981481481481482 0.020833333333333332 0.031481481481481485
4 0.3453125 0.27592592592592596 0.06979166666666667 0.08888888888888889
4 0.7296875 0.07962962962962963 0.028125 0.044444444444444446
4 0.7760416666666666 0.06481481481481481 0.025 0.02962962962962963
4 0.7630208333333334 0.0962962962962963 0.03229166666666666 0.04814814814814815
5 0.684375 0.07407407407407407 0.029166666666666667 0.05185185185185186
4 0.8484375 0.8703703703703703 0.18229166666666666 0.2555555555555556
4 0.8078124999999999 0.08703703703703704 0.03854166666666667 0.05555555555555556
4 0.6328125 0.10555555555555556 0.030208333333333334 0.05185185185185186
4 0.5958333333333333 0.07685185185185185 0.022916666666666665 0.03888888888888889
4 0.790625 0.13518518518518519 0.041666666666666664 0.05555555555555556
4 0.8609375 0.14814814814814814 0.053125 0.04814814814814815
4 0.8645833333333334 0.18888888888888888 0.058333333333333334 0.07037037037037037
4 0.9088541666666666 0.13518518518518519 0.065625 0.07037037037037037
4 0.5859375 0.03425925925925926 0.019791666666666666 0.031481481481481485
4 0.6098958333333333 0.017592592592592594 0.017708333333333333 0.03518518518518519
4 0.546875 0.02777777777777778 0.016666666666666666 0.02592592592592593
3 0.5447916666666667 0.12222222222222223 0.05416666666666667 0.14074074074074075