4 0.6984375 0.019444444444444445 0.017708333333333333 0.03888888888888889
4 0.1640625 0.47962962962962963 0.11979166666666667 0.15925925925925927
4 0.7255208333333333 0.028703703703703703 0.02395833333333333 0.020370370370370372
4 0.7203125 0.01388888888888889 0.019791666666666666 0.02777777777777778
4 0.31197916666666664 0.3194444444444445 0.065625 0.10555555555555556
4 0.7255208333333333 0.05555555555555556 0.026041666666666668 0.040740740740740744
4 0.7640625 0.03888888888888889 0.02395833333333333 0.02592592592592593
4 0.7609375 0.06851851851851852 0.02395833333333333 0.03333333333333333
5 0.6786458333333333 0.03796296296296296 0.021875 0.04259259259259259
4 0.790625 0.053703703703703705 0.029166666666666667 0.044444444444444446
4 0.6625 0.16203703703703703 0.04375 0.07222222222222223
4 0.6041666666666666 0.11296296296296297 0.03125 0.05555555555555556
4 0.7671875 0.09814814814814815 0.03854166666666667 0.05185185185185186
4 0.8140625 0.11111111111111112 0.04479166666666667 0.04814814814814815
4 0.8192708333333333 0.13703703703703704 0.051041666666666666 0.05555555555555556
4 0.8776041666666666 0.11481481481481481 0.06770833333333333 0.06666666666666667
4 0.5875 0.031481481481481485 0.020833333333333332 0.03333333333333333
4 0.6166666666666667 0.017592592592592594 0.020833333333333332 0.03518518518518519
4 0.5442708333333334 0.030555555555555558 0.019791666666666666 0.031481481481481485
3 0.5291666666666667 0.16111111111111112 0.08125 0.1814814814814815