5 0.6104166666666666 0.47222222222222227 0.07291666666666667 0.1962962962962963
4 0.8302083333333333 0.6342592592592593 0.13125 0.21666666666666667
4 0.8151041666666666 0.22870370370370371 0.046875 0.05740740740740741
4 0.7645833333333333 0.13703703703703704 0.03125 0.044444444444444446
4 0.7869791666666667 0.16111111111111112 0.036458333333333336 0.04814814814814815
4 0.7296875 0.15185185185185185 0.030208333333333334 0.044444444444444446
4 0.7109375 0.13518518518518519 0.028125 0.040740740740740744
4 0.8223958333333333 0.26481481481481484 0.057291666666666664 0.07407407407407407
4 0.6703125 0.2935185185185185 0.053125 0.09074074074074075
4 0.5770833333333333 0.2425925925925926 0.041666666666666664 0.07407407407407407
4 0.5953125 0.18981481481481483 0.034375 0.05740740740740741
4 0.5276041666666667 0.17314814814814816 0.028125 0.05
4 0.5734375 0.15185185185185185 0.026041666666666668 0.044444444444444446
4 0.5671875 0.13240740740740742 0.02395833333333333 0.03888888888888889
3 0.8427083333333333 0.1675925925925926 0.08958333333333333 0.1388888888888889
3 0.9588541666666667 0.24722222222222223 0.08020833333333333 0.2425925925925926