4 0.6614583333333334 0.49444444444444446 0.10416666666666667 0.17777777777777778
4 0.6177083333333333 0.23055555555555557 0.05416666666666667 0.09444444444444444
4 0.875 0.6888888888888889 0.16458333333333333 0.27037037037037037
4 0.7505208333333333 0.062037037037037036 0.03229166666666666 0.053703703703703705
4 0.5526041666666667 0.20370370370370372 0.046875 0.07777777777777778
5 0.6078125 0.15555555555555556 0.040625 0.07777777777777778
4 0.71875 0.2537037037037037 0.06875 0.10370370370370371
4 0.8067708333333333 0.08055555555555556 0.034375 0.05740740740740741
4 0.5375 0.14351851851851852 0.041666666666666664 0.06481481481481481
4 0.6838541666666667 0.1675925925925926 0.053125 0.09074074074074075
4 0.58125 0.11018518518518519 0.03958333333333333 0.06851851851851852
5 0.6578125 0.10092592592592593 0.034375 0.07592592592592592
4 0.8291666666666666 0.13518518518518519 0.052083333333333336 0.07037037037037037
4 0.621875 0.0787037037037037 0.029166666666666667 0.053703703703703705
4 0.9125 0.1425925925925926 0.05625 0.07037037037037037
4 0.9182291666666667 0.23796296296296296 0.078125 0.09074074074074075
4 0.6364583333333333 0.05648148148148149 0.025 0.03888888888888889
3 0.45729166666666665 0.587037037037037 0.21458333333333332 0.6851851851851852