4 0.27291666666666664 0.9435185185185185 0.19166666666666665 0.10925925925925926
4 0.41770833333333335 0.4861111111111111 0.1 0.1574074074074074
4 0.515625 0.27222222222222225 0.0625 0.0925925925925926
5 0.5505208333333333 0.17500000000000002 0.05520833333333333 0.09814814814814815
4 0.6557291666666667 0.2425925925925926 0.059375 0.12222222222222223
4 0.7739583333333333 0.11666666666666667 0.04375 0.05925925925925926
4 0.6427083333333333 0.14722222222222223 0.0375 0.06481481481481481
4 0.9057291666666667 0.30648148148148147 0.090625 0.10925925925925926
4 0.5864583333333333 0.1277777777777778 0.03333333333333333 0.05555555555555556
4 0.9395833333333333 0.6166666666666667 0.11875 0.22962962962962963
3 0.48802083333333335 0.1277777777777778 0.13229166666666667 0.15925925925925927