4 0.759375 0.09814814814814815 0.025 0.037037037037037035
4 0.6953125 0.08240740740740742 0.026041666666666668 0.03518518518518519
4 0.6947916666666667 0.9231481481481482 0.16041666666666665 0.15
4 0.8197916666666667 0.675 0.14375 0.2425925925925926
4 0.8682291666666666 0.17685185185185187 0.051041666666666666 0.05740740740740741
4 0.7052083333333333 0.3666666666666667 0.075 0.12222222222222223
4 0.5875 0.21203703703703705 0.04375 0.07962962962962963
4 0.5197916666666667 0.2 0.041666666666666664 0.07777777777777778
4 0.6604166666666667 0.20092592592592592 0.04375 0.06851851851851852
5 0.5776041666666667 0.12222222222222223 0.028125 0.06666666666666667
5 0.5760416666666667 0.08333333333333334 0.022916666666666665 0.05185185185185186
3 0.796875 0.09166666666666667 0.075 0.13148148148148148