4 0.46979166666666666 0.20740740740740743 0.052083333333333336 0.08148148148148149
4 0.6578125 0.3601851851851852 0.078125 0.1425925925925926
4 0.5895833333333333 0.13148148148148148 0.0375 0.06296296296296297
4 0.44895833333333335 0.5592592592592592 0.12708333333333333 0.23333333333333334
5 0.5510416666666667 0.19444444444444445 0.04583333333333333 0.10740740740740741
4 0.7322916666666667 0.1212962962962963 0.04583333333333333 0.06481481481481481
4 0.6515625 0.13333333333333333 0.042708333333333334 0.07037037037037037
4 0.8427083333333333 0.16481481481481483 0.05625 0.07407407407407407
4 0.80625 0.26296296296296295 0.07083333333333333 0.10370370370370371
4 0.5697916666666667 0.09814814814814815 0.03958333333333333 0.06666666666666667
4 0.6307291666666667 0.08611111111111111 0.036458333333333336 0.05740740740740741
4 0.95 0.3601851851851852 0.09791666666666667 0.1388888888888889
3 0.48854166666666665 0.11111111111111112 0.12708333333333333 0.15925925925925927