4 0.6036458333333333 0.36574074074074076 0.08854166666666667 0.13518518518518519
4 0.6583333333333333 0.7027777777777778 0.13333333333333333 0.29074074074074074
3 0.5010416666666666 0.09166666666666667 0.06041666666666667 0.18333333333333335
4 0.59375 0.2064814814814815 0.05 0.07962962962962963
4 0.7859375 0.4666666666666667 0.121875 0.1851851851851852
4 0.6651041666666666 0.19722222222222224 0.057291666666666664 0.07592592592592592
5 0.6427083333333333 0.13148148148148148 0.04583333333333333 0.08888888888888889
4 0.5734375 0.10555555555555556 0.034375 0.05185185185185186
4 0.7364583333333333 0.09444444444444444 0.03958333333333333 0.05185185185185186
4 0.5885416666666666 0.07407407407407407 0.03125 0.044444444444444446
4 0.5526041666666667 0.040740740740740744 0.021875 0.03333333333333333
4 0.9286458333333333 0.2898148148148148 0.09270833333333334 0.12407407407407407
3 0.44375 0.5037037037037038 0.18333333333333332 0.5592592592592592