5 0.3833333333333333 0.5064814814814815 0.12291666666666666 0.2574074074074074
4 0.5916666666666667 0.7944444444444445 0.14791666666666667 0.2962962962962963
4 0.5015625 0.18425925925925926 0.065625 0.07222222222222223
4 0.725 0.09444444444444444 0.0375 0.06296296296296297
4 0.5958333333333333 0.1675925925925926 0.04583333333333333 0.07592592592592592
4 0.5880208333333333 0.1287037037037037 0.036458333333333336 0.061111111111111116
4 0.6604166666666667 0.225 0.052083333333333336 0.09444444444444444
4 0.7635416666666667 0.16666666666666669 0.05 0.07407407407407407
4 0.646875 0.11111111111111112 0.03333333333333333 0.05925925925925926
4 0.9276041666666667 0.27314814814814814 0.08854166666666667 0.10925925925925926
4 0.5890625 0.09537037037037037 0.03229166666666666 0.05740740740740741
4 0.6317708333333333 0.07314814814814816 0.03229166666666666 0.05740740740740741
3 0.4875 0.11666666666666667 0.12708333333333333 0.15555555555555556