4 0.7125 0.8722222222222222 0.19166666666666665 0.2518518518518519
5 0.6083333333333333 0.4666666666666667 0.07916666666666666 0.22592592592592595
4 0.809375 0.525 0.13125 0.21296296296296297
4 0.6239583333333333 0.22592592592592595 0.052083333333333336 0.0925925925925926
4 0.7364583333333333 0.03888888888888889 0.029166666666666667 0.044444444444444446
4 0.753125 0.0638888888888889 0.03125 0.053703703703703705
4 0.5739583333333333 0.3453703703703704 0.08333333333333333 0.1277777777777778
4 0.80625 0.10185185185185186 0.04583333333333333 0.06296296296296297
4 0.6776041666666667 0.15462962962962964 0.04479166666666667 0.07592592592592592
4 0.6046875 0.10185185185185186 0.034375 0.05555555555555556
4 0.8604166666666666 0.13055555555555556 0.05416666666666667 0.06851851851851852
4 0.7630208333333334 0.11944444444444445 0.04479166666666667 0.06851851851851852
4 0.8609375 0.08055555555555556 0.042708333333333334 0.05740740740740741
4 0.5979166666666667 0.062037037037037036 0.029166666666666667 0.0462962962962963
4 0.6473958333333333 0.05925925925925926 0.028125 0.04814814814814815
4 0.9125 0.25833333333333336 0.07708333333333334 0.10555555555555556
4 0.9692708333333333 0.19351851851851853 0.059375 0.07592592592592592
3 0.5354166666666667 0.11666666666666667 0.0625 0.15185185185185185