4 0.696875 0.04814814814814815 0.020833333333333332 0.02962962962962963
4 0.7067708333333333 0.05462962962962963 0.02395833333333333 0.02777777777777778
4 0.27708333333333335 0.35000000000000003 0.08333333333333333 0.10370370370370371
4 0.7286458333333333 0.02777777777777778 0.019791666666666666 0.02962962962962963
4 0.734375 0.03518518518518519 0.025 0.02592592592592593
4 0.7401041666666667 0.0787037037037037 0.026041666666666668 0.04259259259259259
4 0.7614583333333333 0.061111111111111116 0.022916666666666665 0.03333333333333333
4 0.42083333333333334 0.2388888888888889 0.075 0.07407407407407407
4 0.73125 0.09351851851851853 0.027083333333333334 0.04259259259259259
4 0.7875 0.08611111111111111 0.025 0.04259259259259259
4 0.9166666666666666 0.8712962962962963 0.16458333333333333 0.2537037037037037
4 0.7703125 0.11111111111111112 0.034375 0.05185185185185186
5 0.7005208333333334 0.09907407407407408 0.034375 0.053703703703703705
4 0.6890625 0.28240740740740744 0.06145833333333333 0.09444444444444444
4 0.8291666666666666 0.11944444444444445 0.03958333333333333 0.05740740740740741
4 0.6020833333333333 0.06759259259259259 0.022916666666666665 0.03518518518518519
4 0.5921875 0.05092592592592593 0.017708333333333333 0.031481481481481485
4 0.8322916666666667 0.18333333333333335 0.05 0.06296296296296297
4 0.9244791666666666 0.2111111111111111 0.06354166666666666 0.07407407407407407
4 0.9640624999999999 0.2935185185185185 0.06979166666666667 0.09444444444444444
4 0.9625 0.14722222222222223 0.07291666666666667 0.05740740740740741
4 0.58125 0.028703703703703703 0.016666666666666666 0.02777777777777778
4 0.6015625 0.01388888888888889 0.017708333333333333 0.02777777777777778
3 0.5494791666666666 0.08981481481481482 0.04895833333333333 0.10555555555555556