4 0.46875 0.21944444444444444 0.05416666666666667 0.07962962962962963
4 0.421875 0.6203703703703703 0.14375 0.27037037037037037
4 0.6510416666666666 0.2388888888888889 0.05625 0.0962962962962963
4 0.59375 0.12037037037037038 0.03333333333333333 0.05925925925925926
4 0.7140625 0.07407407407407407 0.030208333333333334 0.04814814814814815
4 0.7609375 0.07777777777777778 0.034375 0.05185185185185186
4 0.8057291666666666 0.06481481481481481 0.034375 0.05185185185185186
4 0.525 0.3416666666666667 0.07708333333333334 0.13518518518518519
5 0.5630208333333333 0.15925925925925927 0.040625 0.0925925925925926
4 0.7494791666666667 0.1814814814814815 0.05520833333333333 0.07407407407407407
4 0.6463541666666667 0.10648148148148148 0.034375 0.05740740740740741
4 0.9083333333333333 0.2638888888888889 0.07916666666666666 0.10185185185185186
4 0.8817708333333333 0.43703703703703706 0.109375 0.15555555555555556
4 0.5614583333333333 0.09907407407407408 0.03333333333333333 0.061111111111111116
4 0.615625 0.08148148148148149 0.035416666666666666 0.04814814814814815
3 0.4875 0.11296296296296297 0.12916666666666665 0.15925925925925927