4 0.33229166666666665 0.23148148148148148 0.04791666666666666 0.07407407407407407
4 0.6671875 0.10370370370370371 0.028125 0.04814814814814815
4 0.4942708333333333 0.2796296296296296 0.06145833333333333 0.11851851851851852
4 0.5791666666666666 0.11111111111111112 0.027083333333333334 0.044444444444444446
5 0.3958333333333333 0.24444444444444446 0.06041666666666667 0.13703703703703704
4 0.6526041666666667 0.15925925925925927 0.036458333333333336 0.06666666666666667
4 0.584375 0.14166666666666666 0.03333333333333333 0.05740740740740741
4 0.4614583333333333 0.5750000000000001 0.09375 0.20555555555555557
4 0.7161458333333334 0.23240740740740742 0.059375 0.07222222222222223
4 0.728125 0.2935185185185185 0.075 0.10925925925925926
4 0.4661458333333333 0.17592592592592593 0.03854166666666667 0.05925925925925926
4 0.41770833333333335 0.1638888888888889 0.035416666666666666 0.053703703703703705
4 0.5177083333333333 0.12314814814814816 0.027083333333333334 0.04259259259259259
4 0.8057291666666666 0.4703703703703704 0.10520833333333333 0.15925925925925927
4 0.459375 0.10555555555555556 0.025 0.040740740740740744
4 0.49583333333333335 0.08148148148148149 0.020833333333333332 0.037037037037037035
4 0.5307291666666667 0.09351851851851853 0.021875 0.031481481481481485
3 0.7291666666666666 0.14351851851851852 0.08125 0.13148148148148148
3 0.6286458333333333 0.09722222222222222 0.04479166666666667 0.10925925925925926