4 0.32916666666666666 0.22314814814814815 0.05 0.07592592592592592
4 0.18802083333333333 0.7898148148148149 0.159375 0.2611111111111111
4 0.6989583333333333 0.1388888888888889 0.0375 0.05185185185185186
4 0.4869791666666667 0.18611111111111112 0.042708333333333334 0.07592592592592592
4 0.5854166666666667 0.1462962962962963 0.03333333333333333 0.05555555555555556
4 0.4765625 0.4361111111111111 0.078125 0.13518518518518519
5 0.42864583333333334 0.1564814814814815 0.042708333333333334 0.09814814814814815
4 0.6708333333333333 0.19907407407407407 0.04375 0.07592592592592592
4 0.59375 0.1851851851851852 0.03958333333333333 0.06666666666666667
4 0.5036458333333333 0.25462962962962965 0.046875 0.09444444444444444
4 0.7505208333333333 0.30833333333333335 0.071875 0.10555555555555556
4 0.7848958333333333 0.41481481481481486 0.103125 0.16296296296296298
4 0.48125 0.11944444444444445 0.029166666666666667 0.03888888888888889
4 0.44166666666666665 0.11111111111111112 0.025 0.040740740740740744
4 0.5192708333333333 0.0925925925925926 0.02395833333333333 0.037037037037037035
3 0.771875 0.18703703703703706 0.10416666666666667 0.16666666666666669
3 0.634375 0.11481481481481481 0.05625 0.12222222222222223