5 0.6125 0.6222222222222222 0.10208333333333333 0.2962962962962963
4 0.9 0.7898148148148149 0.19791666666666666 0.32037037037037036
4 0.6265625 0.27592592592592596 0.057291666666666664 0.10370370370370371
4 0.7458333333333333 0.05462962962962963 0.029166666666666667 0.0462962962962963
4 0.6135416666666667 0.42314814814814816 0.10416666666666667 0.1462962962962963
4 0.7901041666666666 0.0925925925925926 0.042708333333333334 0.05555555555555556
4 0.6901041666666666 0.19444444444444445 0.051041666666666666 0.08888888888888889
4 0.6072916666666667 0.1287037037037037 0.0375 0.061111111111111116
4 0.8369791666666666 0.11851851851851852 0.046875 0.06296296296296297
4 0.7364583333333333 0.0962962962962963 0.0375 0.05555555555555556
4 0.8359375 0.06944444444444445 0.03854166666666667 0.053703703703703705
4 0.5989583333333334 0.08425925925925926 0.03125 0.0462962962962963
4 0.6583333333333333 0.09166666666666667 0.03333333333333333 0.05
4 0.8442708333333333 0.1925925925925926 0.06354166666666666 0.08518518518518518
4 0.9369791666666667 0.16574074074074074 0.05520833333333333 0.07222222222222223
4 0.9713541666666666 0.27314814814814814 0.05520833333333333 0.10185185185185186
5 0.5911458333333334 0.05555555555555556 0.02395833333333333 0.04814814814814815
3 0.5302083333333333 0.1398148148148148 0.07083333333333333 0.16481481481481483