4 0.6958333333333333 0.05648148148148149 0.020833333333333332 0.03518518518518519
4 0.7072916666666667 0.062037037037037036 0.025 0.03518518518518519
4 0.315625 0.3074074074074074 0.08125 0.0925925925925926
4 0.73125 0.0638888888888889 0.022916666666666665 0.024074074074074074
4 0.7270833333333333 0.037037037037037035 0.020833333333333332 0.02962962962962963
4 0.7479166666666667 0.018518518518518517 0.01875 0.037037037037037035
4 0.746875 0.04537037037037037 0.027083333333333334 0.02777777777777778
4 0.7458333333333333 0.08611111111111111 0.027083333333333334 0.0462962962962963
4 0.7651041666666667 0.07314814814814816 0.021875 0.04259259259259259
4 0.6307291666666667 0.8268518518518518 0.134375 0.29074074074074074
4 0.4848958333333333 0.2111111111111111 0.059375 0.07037037037037037
4 0.9203125 0.8962962962962964 0.15729166666666666 0.16666666666666669
4 0.7328125 0.10185185185185186 0.026041666666666668 0.04814814814814815
4 0.790625 0.1 0.027083333333333334 0.044444444444444446
4 0.7359375 0.39351851851851855 0.08645833333333333 0.13518518518518519
4 0.7760416666666666 0.12314814814814816 0.035416666666666666 0.053703703703703705
5 0.7151041666666667 0.1175925925925926 0.036458333333333336 0.061111111111111116
4 0.6572916666666666 0.18055555555555555 0.041666666666666664 0.07222222222222223
4 0.8421875 0.15185185185185185 0.04479166666666667 0.07407407407407407
4 0.5848958333333333 0.05092592592592593 0.019791666666666666 0.03518518518518519
4 0.5947916666666666 0.03796296296296296 0.016666666666666666 0.031481481481481485
4 0.8807291666666667 0.23981481481481481 0.065625 0.08333333333333334
4 0.9848958333333333 0.2888888888888889 0.028125 0.08518518518518518
3 0.5453125 0.07592592592592592 0.042708333333333334 0.0962962962962963