4 0.46249999999999997 0.7712962962962964 0.14375 0.2796296296296296
4 0.5380208333333333 0.41574074074074074 0.071875 0.11666666666666667
4 0.43906249999999997 0.4185185185185185 0.06979166666666667 0.11851851851851852
4 0.6739583333333333 0.5851851851851853 0.1 0.20370370370370372
4 0.5661458333333333 0.2888888888888889 0.04895833333333333 0.08518518518518518
4 0.6458333333333334 0.3138888888888889 0.052083333333333336 0.09074074074074075
4 0.5864583333333333 0.21574074074074076 0.04375 0.06481481481481481
4 0.8942708333333333 0.31666666666666665 0.07395833333333333 0.08888888888888889
4 0.596875 0.17222222222222222 0.03333333333333333 0.04814814814814815
4 0.6484375 0.1787037037037037 0.03229166666666666 0.05740740740740741
3 0.49166666666666664 0.18333333333333335 0.12916666666666665 0.15185185185185185