4 0.4734375 0.18796296296296297 0.05520833333333333 0.08333333333333334
4 0.4354166666666667 0.7944444444444445 0.1625 0.31851851851851853
5 0.5135416666666667 0.3574074074074074 0.09791666666666667 0.24074074074074076
4 0.4536458333333333 0.16574074074074074 0.084375 0.07222222222222223
4 0.5703125 0.24444444444444446 0.06145833333333333 0.10370370370370371
4 0.7921875 0.07592592592592592 0.042708333333333334 0.05925925925925926
4 0.840625 0.04722222222222222 0.03958333333333333 0.06481481481481481
4 0.59375 0.09722222222222222 0.03958333333333333 0.07222222222222223
4 0.6479166666666667 0.11111111111111112 0.03958333333333333 0.07037037037037037
4 0.6463541666666667 0.0638888888888889 0.034375 0.053703703703703705
3 0.490625 0.08333333333333334 0.12708333333333333 0.14444444444444446