4 0.5067708333333333 0.1787037037037037 0.040625 0.07222222222222223
4 0.609375 0.3416666666666667 0.07083333333333333 0.1277777777777778
5 0.5359375 0.23611111111111113 0.06979166666666667 0.13148148148148148
4 0.5802083333333333 0.1925925925925926 0.05 0.08148148148148149
4 0.653125 0.03981481481481482 0.029166666666666667 0.03888888888888889
4 0.6723958333333333 0.22314814814814815 0.06979166666666667 0.11666666666666667
4 0.7057291666666666 0.05648148148148149 0.034375 0.0462962962962963
4 0.5854166666666667 0.08981481481481482 0.0375 0.061111111111111116
3 0.5140625 0.049074074074074076 0.040625 0.09814814814814815
4 0.79375 0.10740740740740741 0.04791666666666666 0.06296296296296297
4 0.5546875 0.04351851851851852 0.02395833333333333 0.03888888888888889
4 0.6015625 0.04722222222222222 0.028125 0.04259259259259259
4 0.9604166666666667 0.4537037037037037 0.07708333333333334 0.17407407407407408
3 0.45260416666666664 0.46944444444444444 0.171875 0.512962962962963