4 0.6854166666666667 0.5611111111111111 0.11875 0.21851851851851853
4 0.6239583333333333 0.39351851851851855 0.09166666666666666 0.1462962962962963
5 0.6359375 0.26296296296296295 0.06979166666666667 0.14814814814814814
4 0.5734375 0.23240740740740742 0.057291666666666664 0.09074074074074075
4 0.9286458333333333 0.8138888888888889 0.140625 0.3314814814814815
4 0.6177083333333333 0.1675925925925926 0.05 0.07592592592592592
5 0.7484375 0.2712962962962963 0.07395833333333333 0.1537037037037037
4 0.6963541666666666 0.17500000000000002 0.051041666666666666 0.09074074074074075
4 0.8109375 0.04166666666666667 0.036458333333333336 0.05
4 0.7713541666666667 0.06018518518518519 0.03854166666666667 0.05
4 0.6791666666666667 0.13055555555555556 0.04375 0.06481481481481481
4 0.6005208333333333 0.08611111111111111 0.036458333333333336 0.05740740740740741
4 0.8442708333333333 0.12222222222222223 0.051041666666666666 0.06296296296296297
4 0.8645833333333334 0.20277777777777778 0.07291666666666667 0.10185185185185186
4 0.9223958333333333 0.1685185185185185 0.051041666666666666 0.08148148148148149
4 0.6463541666666667 0.04722222222222222 0.028125 0.05
5 0.5739583333333333 0.040740740740740744 0.027083333333333334 0.05185185185185186
3 0.45625 0.5990740740740741 0.22708333333333333 0.7240740740740741