4 0.6958333333333333 0.049074074074074076 0.01875 0.02777777777777778
4 0.7083333333333334 0.05925925925925926 0.022916666666666665 0.037037037037037035
4 0.3614583333333333 0.25925925925925924 0.08333333333333333 0.08518518518518518
4 0.7333333333333333 0.06574074074074074 0.025 0.03888888888888889
4 0.7421875 0.04166666666666667 0.019791666666666666 0.020370370370370372
4 0.7244791666666667 0.031481481481481485 0.015625 0.022222222222222223
4 0.759375 0.021296296296296296 0.020833333333333332 0.024074074074074074
4 0.7671875 0.05277777777777778 0.026041666666666668 0.03518518518518519
4 0.7552083333333334 0.08981481481481482 0.027083333333333334 0.053703703703703705
4 0.7661458333333333 0.07314814814814816 0.021875 0.03888888888888889
4 0.6067708333333334 0.3944444444444445 0.07395833333333333 0.13703703703703704
4 0.5359375 0.16944444444444445 0.036458333333333336 0.061111111111111116
4 0.7322916666666667 0.3666666666666667 0.07708333333333334 0.12592592592592594
4 0.7328125 0.08981481481481482 0.030208333333333334 0.020370370370370372
4 0.7927083333333333 0.09907407407407408 0.025 0.02777777777777778
4 0.6661458333333333 0.2064814814814815 0.046875 0.07962962962962963
4 0.7911458333333333 0.13055555555555556 0.040625 0.053703703703703705
5 0.7348958333333333 0.13240740740740742 0.040625 0.06481481481481481
4 0.6302083333333334 0.11111111111111112 0.03333333333333333 0.05555555555555556
4 0.8651041666666667 0.20092592592592592 0.059375 0.08703703703703704
4 0.5760416666666667 0.025 0.016666666666666666 0.02777777777777778
4 0.5973958333333333 0.016666666666666666 0.013541666666666667 0.03333333333333333
4 0.9729166666666667 0.35462962962962963 0.052083333333333336 0.11296296296296297
3 0.5421875 0.04537037037037037 0.03229166666666666 0.09074074074074075