5 0.68125 0.6574074074074074 0.11666666666666667 0.2851851851851852
4 0.7666666666666666 0.040740740740740744 0.020833333333333332 0.03333333333333333
4 0.6557291666666667 0.3574074074074074 0.071875 0.12962962962962962
4 0.5234375 0.13518518518518519 0.036458333333333336 0.06666666666666667
5 0.6052083333333333 0.18055555555555555 0.052083333333333336 0.10925925925925926
4 0.8572916666666667 0.5620370370370371 0.13333333333333333 0.21296296296296297
5 0.7760416666666666 0.06759259259259259 0.03958333333333333 0.061111111111111116
4 0.5526041666666667 0.30833333333333335 0.053125 0.10925925925925926
4 0.5869791666666666 0.13333333333333333 0.034375 0.07037037037037037
4 0.8161458333333333 0.11296296296296297 0.046875 0.05925925925925926
4 0.684375 0.14907407407407408 0.052083333333333336 0.08333333333333334
4 0.5536458333333333 0.07222222222222223 0.028125 0.04814814814814815
4 0.9213541666666667 0.2175925925925926 0.06979166666666667 0.09814814814814815
4 0.6041666666666666 0.05 0.03125 0.05185185185185186
3 0.45729166666666665 0.48055555555555557 0.175 0.48333333333333334