4 0.7598958333333333 0.09907407407407408 0.026041666666666668 0.03888888888888889
4 0.6932291666666667 0.08240740740740742 0.026041666666666668 0.03518518518518519
4 0.8494791666666667 0.7444444444444445 0.159375 0.2777777777777778
4 0.8651041666666667 0.17685185185185187 0.051041666666666666 0.05740740740740741
4 0.7130208333333333 0.3925925925925926 0.078125 0.12962962962962962
4 0.5885416666666666 0.225 0.04583333333333333 0.08333333333333334
4 0.5192708333333333 0.2111111111111111 0.042708333333333334 0.08148148148148149
4 0.6635416666666667 0.2111111111111111 0.04375 0.07037037037037037
5 0.5791666666666666 0.12685185185185185 0.029166666666666667 0.06851851851851852
5 0.5770833333333333 0.08611111111111111 0.022916666666666665 0.05
3 0.7947916666666667 0.08888888888888889 0.07291666666666667 0.12962962962962962