4 0.5046875 0.5777777777777778 0.109375 0.1962962962962963
4 0.5479166666666666 0.3509259259259259 0.0625 0.10925925925925926
4 0.47239583333333335 0.32962962962962966 0.059375 0.0925925925925926
4 0.6619791666666667 0.4185185185185185 0.07395833333333333 0.13703703703703704
4 0.5734375 0.24537037037037038 0.04479166666666667 0.07222222222222223
4 0.6432291666666666 0.25092592592592594 0.04479166666666667 0.07592592592592592
4 0.5958333333333333 0.18796296296296297 0.0375 0.06481481481481481
4 0.9265625 0.3509259259259259 0.08854166666666667 0.10925925925925926
4 0.5979166666666667 0.14814814814814814 0.03125 0.04814814814814815
4 0.6463541666666667 0.1462962962962963 0.028125 0.04814814814814815
3 0.4895833333333333 0.17685185185185187 0.12916666666666665 0.1574074074074074