4 0.4796875 0.13148148148148148 0.028125 0.07407407407407407
5 0.60625 0.337037037037037 0.06666666666666667 0.11851851851851852
4 0.5848958333333333 0.19814814814814816 0.046875 0.07407407407407407
4 0.8489583333333334 0.6462962962962964 0.15416666666666667 0.2740740740740741
4 0.7161458333333334 0.3111111111111111 0.08020833333333333 0.15185185185185185
4 0.740625 0.07314814814814816 0.035416666666666666 0.0462962962962963
4 0.56875 0.15 0.0375 0.05555555555555556
4 0.5619791666666667 0.1 0.030208333333333334 0.05185185185185186
4 0.6005208333333333 0.07222222222222223 0.028125 0.040740740740740744
5 0.4828125 0.14166666666666666 0.06354166666666666 0.07222222222222223
4 0.5557291666666666 0.04259259259259259 0.026041666666666668 0.037037037037037035
4 0.9526041666666667 0.46574074074074073 0.09270833333333334 0.1537037037037037
3 0.4713541666666667 0.3472222222222222 0.128125 0.3611111111111111