4 0.7921875 0.05462962962962963 0.034375 0.05
4 0.7770833333333333 0.09907407407407408 0.03958333333333333 0.05
4 0.5666666666666667 0.18425925925925926 0.04375 0.07592592592592592
4 0.6 0.12962962962962962 0.0375 0.05925925925925926
4 0.6744791666666666 0.17592592592592593 0.051041666666666666 0.07777777777777778
4 0.7036458333333333 0.7194444444444444 0.13854166666666667 0.26481481481481484
4 0.8151041666666666 0.14907407407407408 0.051041666666666666 0.07222222222222223
4 0.540625 0.1212962962962963 0.03125 0.053703703703703705
5 0.5927083333333333 0.0925925925925926 0.029166666666666667 0.06296296296296297
4 0.65 0.10555555555555556 0.0375 0.05555555555555556
4 0.9026041666666667 0.22222222222222224 0.06770833333333333 0.0925925925925926
4 0.5364583333333334 0.08055555555555556 0.027083333333333334 0.03518518518518519
4 0.6151041666666667 0.06759259259259259 0.03229166666666666 0.05
3 0.4583333333333333 0.5953703703703704 0.2125 0.6722222222222223