5 0.6135416666666667 0.6638888888888889 0.10625 0.32037037037037036
4 0.9072916666666666 0.8287037037037037 0.18333333333333332 0.2833333333333333
4 0.628125 0.2814814814814815 0.06041666666666667 0.10740740740740741
4 0.7427083333333333 0.049074074074074076 0.029166666666666667 0.0462962962962963
4 0.6239583333333333 0.44074074074074077 0.10833333333333334 0.15555555555555556
4 0.7885416666666667 0.08888888888888889 0.041666666666666664 0.05555555555555556
4 0.6932291666666667 0.20185185185185187 0.053125 0.08888888888888889
4 0.6083333333333333 0.13333333333333333 0.03958333333333333 0.06296296296296297
4 0.8328125 0.11388888888888889 0.046875 0.06481481481481481
4 0.7307291666666667 0.08888888888888889 0.036458333333333336 0.05555555555555556
4 0.8322916666666667 0.06574074074074074 0.0375 0.053703703703703705
4 0.5984375 0.08703703703703704 0.03229166666666666 0.04814814814814815
4 0.6604166666666667 0.0962962962962963 0.035416666666666666 0.05185185185185186
4 0.8302083333333333 0.17962962962962964 0.0625 0.08148148148148149
4 0.9302083333333333 0.15833333333333333 0.05416666666666667 0.07222222222222223
4 0.9651041666666667 0.26203703703703707 0.06770833333333333 0.09444444444444444
5 0.5911458333333334 0.05462962962962963 0.026041666666666668 0.0462962962962963
3 0.5302083333333333 0.14722222222222223 0.075 0.17222222222222222