4 0.4786458333333333 0.13333333333333333 0.030208333333333334 0.06666666666666667
5 0.7020833333333333 0.8824074074074074 0.14791666666666667 0.19814814814814816
4 0.615625 0.3564814814814815 0.07708333333333334 0.1388888888888889
4 0.703125 0.03796296296296296 0.029166666666666667 0.03888888888888889
4 0.5791666666666666 0.21481481481481482 0.04791666666666666 0.08518518518518518
4 0.5708333333333333 0.13425925925925927 0.03958333333333333 0.05740740740740741
4 0.6239583333333333 0.11574074074074074 0.041666666666666664 0.061111111111111116
5 0.5015625 0.14814814814814814 0.065625 0.08148148148148149
4 0.5546875 0.06481481481481481 0.030208333333333334 0.040740740740740744
4 0.8177083333333334 0.26481481481481484 0.08541666666666667 0.11851851851851852
3 0.4510416666666667 0.46944444444444444 0.16458333333333333 0.49074074074074076