4 0.46249999999999997 0.1824074074074074 0.05625 0.08333333333333334
5 0.6942708333333333 0.8194444444444445 0.18229166666666666 0.3574074074074074
4 0.6578125 0.5148148148148148 0.10104166666666667 0.18888888888888888
4 0.5385416666666667 0.18796296296296297 0.05416666666666667 0.08703703703703704
4 0.7630208333333334 0.02777777777777778 0.028125 0.05555555555555556
4 0.775 0.39814814814814814 0.1125 0.17777777777777778
4 0.5619791666666667 0.1398148148148148 0.034375 0.061111111111111116
4 0.6515625 0.15185185185185185 0.046875 0.07037037037037037
4 0.690625 0.22962962962962963 0.0625 0.1
4 0.7854166666666667 0.09351851851851853 0.03958333333333333 0.061111111111111116
4 0.5510416666666667 0.07037037037037037 0.03125 0.04814814814814815
3 0.4557291666666667 0.4759259259259259 0.17604166666666665 0.4703703703703704