5 0.6796875 0.012962962962962964 0.015625 0.02592592592592593
4 0.6645833333333333 0.01388888888888889 0.016666666666666666 0.02777777777777778
4 0.7229166666666667 0.02314814814814815 0.025 0.0462962962962963
4 0.6755208333333333 0.04166666666666667 0.02395833333333333 0.03518518518518519
4 0.6989583333333333 0.03518518518518519 0.022916666666666665 0.040740740740740744
4 0.7322916666666667 0.07407407407407407 0.03333333333333333 0.04814814814814815
4 0.8005208333333333 0.11944444444444445 0.04479166666666667 0.05740740740740741
4 0.790625 0.1462962962962963 0.04791666666666666 0.07407407407407407
4 0.5692708333333333 0.03796296296296296 0.021875 0.03888888888888889
4 0.5984375 0.015740740740740743 0.019791666666666666 0.031481481481481485
4 0.9723958333333333 0.1388888888888889 0.053125 0.05555555555555556
3 0.4046875 0.6129629629629629 0.2552083333333333 0.7703703703703704