4 0.6677083333333333 0.6212962962962963 0.13125 0.2425925925925926
5 0.6046875 0.3574074074074074 0.065625 0.17407407407407408
4 0.7494791666666667 0.3666666666666667 0.09270833333333334 0.14074074074074075
4 0.6177083333333333 0.18888888888888888 0.04791666666666666 0.08148148148148149
4 0.7958333333333333 0.03981481481481482 0.03333333333333333 0.04259259259259259
4 0.7411458333333333 0.03888888888888889 0.030208333333333334 0.044444444444444446
4 0.753125 0.05925925925925926 0.03333333333333333 0.044444444444444446
4 0.7598958333333333 0.08981481481481482 0.034375 0.05740740740740741
4 0.5416666666666666 0.2916666666666667 0.07083333333333333 0.10555555555555556
4 0.828125 0.12407407407407407 0.052083333333333336 0.06296296296296297
4 0.6635416666666667 0.12407407407407407 0.03958333333333333 0.06666666666666667
4 0.5984375 0.08240740740740742 0.03229166666666666 0.053703703703703705
4 0.8921875 0.16203703703703703 0.06145833333333333 0.07592592592592592
4 0.80625 0.17685185185185187 0.06041666666666667 0.07962962962962963
4 0.8932291666666666 0.11018518518518519 0.051041666666666666 0.061111111111111116
4 0.5958333333333333 0.0462962962962963 0.025 0.037037037037037035
4 0.6385416666666667 0.040740740740740744 0.025 0.040740740740740744
3 0.5385416666666667 0.09351851851851853 0.05625 0.1388888888888889