4 0.659375 0.5453703703703704 0.1125 0.19444444444444445
4 0.7484375 0.04259259259259259 0.028125 0.040740740740740744
5 0.6364583333333333 0.31574074074074077 0.06458333333333333 0.1425925925925926
4 0.771875 0.058333333333333334 0.029166666666666667 0.04259259259259259
4 0.6307291666666667 0.20277777777777778 0.051041666666666666 0.07222222222222223
4 0.8078124999999999 0.05 0.034375 0.040740740740740744
4 0.709375 0.05462962962962963 0.03125 0.05
4 0.5322916666666666 0.1 0.03125 0.05925925925925926
5 0.6 0.10462962962962963 0.0375 0.07962962962962963
4 0.7125 0.20277777777777778 0.05625 0.09074074074074075
5 0.8244791666666667 0.10555555555555556 0.04895833333333333 0.08148148148148149
4 0.5317708333333333 0.23333333333333334 0.059375 0.08518518518518518
4 0.5765625 0.07685185185185185 0.02395833333333333 0.053703703703703705
4 0.8937499999999999 0.18333333333333335 0.07083333333333333 0.07777777777777778
4 0.6510416666666666 0.06944444444444445 0.035416666666666666 0.05740740740740741
3 0.45677083333333335 0.47314814814814815 0.17395833333333333 0.46111111111111114