4 0.6114583333333333 0.14722222222222223 0.03333333333333333 0.05
4 0.6291666666666667 0.24722222222222223 0.05 0.07592592592592592
4 0.4067708333333333 0.16574074074074074 0.034375 0.05740740740740741
4 0.471875 0.1212962962962963 0.029166666666666667 0.0462962962962963
4 0.5213541666666667 0.09814814814814815 0.028125 0.040740740740740744
4 0.63125 0.3425925925925926 0.07083333333333333 0.11111111111111112
4 0.8109375 0.5083333333333333 0.11770833333333333 0.17222222222222222
4 0.5036458333333333 0.0712962962962963 0.021875 0.03518518518518519
4 0.7619791666666667 0.7787037037037038 0.16979166666666667 0.2796296296296296
3 0.9286458333333333 0.437962962962963 0.140625 0.40555555555555556
3 0.7359375 0.2740740740740741 0.12395833333333334 0.26296296296296295
3 0.3098958333333333 0.32962962962962966 0.140625 0.3037037037037037