4 0.5119791666666667 0.20092592592592592 0.03854166666666667 0.06851851851851852
4 0.6401041666666667 0.525 0.10729166666666666 0.19814814814814816
5 0.5713541666666666 0.2925925925925926 0.09270833333333334 0.14074074074074075
4 0.5916666666666667 0.23333333333333334 0.05625 0.08888888888888889
4 0.6442708333333333 0.03425925925925926 0.026041666666666668 0.02777777777777778
4 0.7526041666666666 0.3925925925925926 0.11354166666666667 0.1925925925925926
4 0.6885416666666666 0.04351851851851852 0.029166666666666667 0.03518518518518519
4 0.6161458333333333 0.14074074074074075 0.04479166666666667 0.07777777777777778
3 0.5109375 0.05555555555555556 0.042708333333333334 0.11111111111111112
4 0.746875 0.07037037037037037 0.0375 0.05185185185185186
4 0.5604166666666667 0.06666666666666667 0.022916666666666665 0.03333333333333333
4 0.61875 0.08611111111111111 0.03333333333333333 0.04259259259259259
4 0.8057291666666666 0.23240740740740742 0.07395833333333333 0.09814814814814815
4 0.5848958333333333 0.053703703703703705 0.028125 0.044444444444444446
3 0.45208333333333334 0.46944444444444444 0.16875 0.512962962962963