4 0.4109375 0.9064814814814816 0.178125 0.18333333333333335
4 0.5265625 0.47870370370370374 0.084375 0.1462962962962963
4 0.39947916666666666 0.5074074074074074 0.090625 0.14074074074074075
4 0.6885416666666666 0.8157407407407408 0.14166666666666666 0.31666666666666665
4 0.5572916666666666 0.32407407407407407 0.05625 0.08888888888888889
4 0.6479166666666667 0.36203703703703705 0.06041666666666667 0.10925925925925926
4 0.575 0.23611111111111113 0.05 0.07222222222222223
4 0.871875 0.28703703703703703 0.06875 0.08518518518518518
4 0.5953125 0.1851851851851852 0.036458333333333336 0.05555555555555556
4 0.6494791666666666 0.19907407407407407 0.034375 0.06481481481481481
4 0.596875 0.1527777777777778 0.029166666666666667 0.04259259259259259
3 0.49166666666666664 0.18425925925925926 0.12916666666666665 0.1574074074074074