4 0.6078125 0.08240740740740742 0.021875 0.03518518518518519
4 0.6208333333333333 0.12685185185185185 0.029166666666666667 0.03518518518518519
4 0.33697916666666666 0.21944444444444444 0.059375 0.07222222222222223
4 0.4359375 0.21296296296296297 0.042708333333333334 0.07407407407407407
4 0.5036458333333333 0.18611111111111112 0.040625 0.07222222222222223
4 0.6166666666666667 0.16481481481481483 0.035416666666666666 0.06296296296296297
4 0.715625 0.275 0.06458333333333333 0.09444444444444444
4 0.4942708333333333 0.10092592592592593 0.028125 0.05
4 0.6317708333333333 0.3101851851851852 0.06979166666666667 0.11296296296296297
4 0.5182291666666666 0.13333333333333333 0.028125 0.040740740740740744
5 0.4744791666666667 0.08518518518518518 0.030208333333333334 0.05555555555555556
4 0.78125 0.4277777777777778 0.09375 0.14814814814814814
4 0.6588541666666666 0.4425925925925926 0.09270833333333334 0.15925925925925927
4 0.528125 0.09444444444444444 0.025 0.040740740740740744
4 0.9130208333333333 0.7388888888888889 0.128125 0.25925925925925924
3 0.8885416666666667 0.32962962962962966 0.18125 0.3
3 0.6723958333333333 0.17222222222222222 0.084375 0.17037037037037037