4 0.6677083333333333 0.7055555555555556 0.14166666666666666 0.2740740740740741
4 0.6536458333333334 0.4 0.096875 0.18888888888888888
4 0.8546874999999999 0.5666666666666667 0.14270833333333333 0.22222222222222224
4 0.6109375 0.20833333333333334 0.053125 0.09444444444444444
4 0.7723958333333333 0.05 0.03229166666666666 0.05185185185185186
4 0.7979166666666666 0.03981481481481482 0.025 0.0462962962962963
4 0.7213541666666666 0.23055555555555557 0.059375 0.10185185185185186
5 0.5916666666666667 0.13611111111111113 0.035416666666666666 0.08703703703703704
4 0.8255208333333334 0.075 0.036458333333333336 0.05
4 0.6255208333333333 0.11388888888888889 0.03854166666666667 0.06481481481481481
4 0.7854166666666667 0.10462962962962963 0.03958333333333333 0.061111111111111116
4 0.603125 0.0712962962962963 0.03125 0.05
4 0.9161458333333333 0.13333333333333333 0.05520833333333333 0.06296296296296297
4 0.9088541666666666 0.18333333333333335 0.06770833333333333 0.07777777777777778
4 0.9083333333333333 0.24629629629629632 0.075 0.10370370370370371
3 0.3833333333333333 0.8453703703703704 0.3541666666666667 0.2833333333333333