4 0.7234375 0.7805555555555556 0.159375 0.312962962962963
4 0.6583333333333333 0.487962962962963 0.10833333333333334 0.17592592592592593
5 0.6505208333333333 0.30648148148148147 0.071875 0.1685185185185185
4 0.5848958333333333 0.2611111111111111 0.06145833333333333 0.1
4 0.6229166666666667 0.19166666666666668 0.05416666666666667 0.08703703703703704
5 0.7932291666666667 0.3648148148148148 0.09479166666666666 0.2
4 0.7234375 0.22222222222222224 0.06145833333333333 0.10740740740740741
4 0.7958333333333333 0.02592592592592593 0.03125 0.05185185185185186
4 0.7578125 0.044444444444444446 0.034375 0.044444444444444446
4 0.6973958333333333 0.16574074074074074 0.053125 0.07592592592592592
4 0.6057291666666667 0.10833333333333334 0.040625 0.06481481481481481
4 0.8166666666666667 0.09537037037037037 0.04375 0.053703703703703705
4 0.834375 0.15462962962962964 0.06041666666666667 0.08333333333333334
4 0.9 0.13148148148148148 0.04583333333333333 0.07037037037037037
4 0.6583333333333333 0.06666666666666667 0.03333333333333333 0.05185185185185186
5 0.5791666666666666 0.05555555555555556 0.025 0.05925925925925926
4 0.9557291666666666 0.20740740740740743 0.07604166666666666 0.0925925925925926
4 0.6036458333333333 0.040740740740740744 0.028125 0.044444444444444446
3 0.4557291666666667 0.6240740740740741 0.23645833333333333 0.7185185185185186