5 0.384375 0.2425925925925926 0.11875 0.0925925925925926
4 0.5953125 0.39814814814814814 0.065625 0.12222222222222223
5 0.584375 0.23333333333333334 0.03958333333333333 0.0962962962962963
4 0.6567708333333333 0.22314814814814815 0.046875 0.07222222222222223
4 0.8588541666666667 0.26851851851851855 0.059375 0.07777777777777778
4 0.8130208333333333 0.16203703703703703 0.036458333333333336 0.053703703703703705
4 0.7901041666666666 0.18425925925925926 0.051041666666666666 0.053703703703703705
4 0.7604166666666666 0.16666666666666669 0.03958333333333333 0.04814814814814815
4 0.7651041666666667 0.13148148148148148 0.03229166666666666 0.044444444444444446
4 0.7307291666666667 0.1398148148148148 0.034375 0.04259259259259259
5 0.7114583333333333 0.11388888888888889 0.029166666666666667 0.053703703703703705
4 0.6958333333333333 0.10740740740740741 0.027083333333333334 0.044444444444444446
4 0.875 0.3212962962962963 0.06875 0.09814814814814815
4 0.6234375 0.16018518518518518 0.030208333333333334 0.05
4 0.5671875 0.14537037037037037 0.028125 0.0462962962962963
4 0.6010416666666667 0.11111111111111112 0.025 0.040740740740740744
3 0.9192708333333334 0.20925925925925926 0.12395833333333334 0.17037037037037037