4 0.3333333333333333 0.22685185185185186 0.05 0.06851851851851852
4 0.46249999999999997 0.5944444444444444 0.12083333333333333 0.25925925925925924
5 0.2708333333333333 0.5064814814814815 0.13541666666666666 0.27222222222222225
4 0.6375 0.12592592592592594 0.03125 0.05185185185185186
4 0.5765625 0.09814814814814815 0.026041666666666668 0.040740740740740744
4 0.6921875 0.16944444444444445 0.036458333333333336 0.061111111111111116
4 0.6859375 0.2175925925925926 0.053125 0.07962962962962963
4 0.41562499999999997 0.30833333333333335 0.0625 0.09074074074074075
4 0.35260416666666666 0.2888888888888889 0.059375 0.08518518518518518
4 0.5125 0.17500000000000002 0.0375 0.053703703703703705
4 0.7572916666666667 0.275 0.06041666666666667 0.08333333333333334
4 0.44895833333333335 0.16481481481481483 0.035416666666666666 0.05185185185185186
4 0.4864583333333333 0.10462962962962963 0.025 0.04259259259259259
4 0.528125 0.13055555555555556 0.03125 0.04259259259259259
4 0.8229166666666666 0.5287037037037037 0.11875 0.17962962962962964
3 0.6916666666666667 0.10555555555555556 0.06041666666666667 0.10370370370370371