4 0.471875 0.7222222222222222 0.1375 0.25925925925925924
4 0.5401041666666666 0.40092592592592596 0.06979166666666667 0.11296296296296297
4 0.44687499999999997 0.39722222222222225 0.06666666666666667 0.11296296296296297
4 0.6713541666666667 0.5444444444444445 0.09479166666666666 0.1851851851851852
4 0.5671875 0.28055555555555556 0.04895833333333333 0.08333333333333334
4 0.6453125 0.2990740740740741 0.04895833333333333 0.08703703703703704
4 0.5890625 0.2111111111111111 0.042708333333333334 0.06296296296296297
4 0.9005208333333333 0.32407407407407407 0.07604166666666666 0.0925925925925926
4 0.5979166666666667 0.1675925925925926 0.03333333333333333 0.0462962962962963
4 0.6479166666666667 0.17222222222222222 0.03125 0.05555555555555556
3 0.49322916666666666 0.1814814814814815 0.13020833333333334 0.15185185185185185