3 0.4895833333333333 0.13425925925925927 0.07916666666666666 0.23148148148148148
4 0.66875 0.6 0.12291666666666666 0.22592592592592595
4 0.9302083333333333 0.8342592592592593 0.1375 0.2796296296296296
5 0.7765625 0.3814814814814815 0.11770833333333333 0.2111111111111111
4 0.6135416666666667 0.2851851851851852 0.06458333333333333 0.11481481481481481
4 0.5958333333333333 0.19074074074074074 0.04791666666666666 0.08518518518518518
4 0.5755208333333334 0.10185185185185186 0.036458333333333336 0.05185185185185186
4 0.7166666666666667 0.06296296296296297 0.035416666666666666 0.04814814814814815
4 0.8140625 0.09722222222222222 0.053125 0.053703703703703705
4 0.6005208333333333 0.05740740740740741 0.030208333333333334 0.044444444444444446
4 0.5416666666666666 0.04537037037037037 0.027083333333333334 0.03518518518518519
4 0.7760416666666666 0.19444444444444445 0.06875 0.08518518518518518
4 0.4692708333333333 0.11944444444444445 0.053125 0.06481481481481481
4 0.9296875 0.27222222222222225 0.09270833333333334 0.11111111111111112
3 0.4145833333333333 0.6888888888888889 0.3229166666666667 0.5962962962962963