5 0.3416666666666667 0.6268518518518519 0.15 0.3277777777777778
4 0.49166666666666664 0.1953703703703704 0.06666666666666667 0.07222222222222223
4 0.7208333333333333 0.08148148148148149 0.03333333333333333 0.05925925925925926
4 0.5885416666666666 0.18888888888888888 0.05 0.08148148148148149
4 0.5875 0.13796296296296298 0.0375 0.061111111111111116
4 0.665625 0.2712962962962963 0.06041666666666667 0.10185185185185186
4 0.7494791666666667 0.1398148148148148 0.04479166666666667 0.06481481481481481
4 0.6473958333333333 0.1277777777777778 0.036458333333333336 0.05925925925925926
4 0.8979166666666667 0.23425925925925928 0.075 0.09444444444444444
4 0.5890625 0.10277777777777779 0.03229166666666666 0.05740740740740741
4 0.6348958333333333 0.08518518518518518 0.034375 0.05925925925925926
4 0.9645833333333333 0.33240740740740743 0.06875 0.12407407407407407
3 0.4864583333333333 0.1212962962962963 0.125 0.1574074074074074