5 0.6135416666666667 0.5824074074074075 0.09791666666666667 0.27592592592592596
4 0.8744791666666667 0.7222222222222222 0.178125 0.3
4 0.6276041666666666 0.25925925925925924 0.05520833333333333 0.1
4 0.7494791666666667 0.05185185185185186 0.028125 0.044444444444444446
4 0.6067708333333334 0.3990740740740741 0.09895833333333333 0.13518518518518519
4 0.7942708333333334 0.0925925925925926 0.042708333333333334 0.05185185185185186
4 0.6885416666666666 0.18425925925925926 0.05 0.08333333333333334
4 0.6072916666666667 0.12222222222222223 0.0375 0.06296296296296297
4 0.8421875 0.1175925925925926 0.046875 0.061111111111111116
4 0.7421875 0.09814814814814815 0.040625 0.05925925925925926
4 0.8421875 0.06944444444444445 0.03854166666666667 0.053703703703703705
4 0.5984375 0.0787037037037037 0.030208333333333334 0.0462962962962963
4 0.6567708333333333 0.08333333333333334 0.03229166666666666 0.05185185185185186
4 0.8583333333333333 0.20277777777777778 0.06666666666666667 0.08703703703703704
4 0.9442708333333333 0.1675925925925926 0.057291666666666664 0.07222222222222223
4 0.9765625 0.2851851851851852 0.04479166666666667 0.11481481481481481
5 0.5916666666666667 0.0462962962962963 0.022916666666666665 0.040740740740740744
3 0.5307291666666667 0.13611111111111113 0.06770833333333333 0.16111111111111112