5 0.6786458333333333 0.014814814814814815 0.015625 0.02962962962962963
4 0.6640625 0.01388888888888889 0.015625 0.02777777777777778
4 0.7197916666666666 0.02592592592592593 0.020833333333333332 0.03333333333333333
4 0.675 0.0462962962962963 0.022916666666666665 0.037037037037037035
4 0.6958333333333333 0.03333333333333333 0.020833333333333332 0.037037037037037035
4 0.7276041666666666 0.075 0.03229166666666666 0.0462962962962963
4 0.7921875 0.11296296296296297 0.040625 0.05185185185185186
4 0.7802083333333333 0.1398148148148148 0.04583333333333333 0.06851851851851852
4 0.5682291666666667 0.0462962962962963 0.02395833333333333 0.037037037037037035
4 0.6 0.018518518518518517 0.020833333333333332 0.037037037037037035
4 0.9661458333333334 0.13703703703703704 0.065625 0.06296296296296297
3 0.4015625 0.6203703703703703 0.259375 0.7555555555555555