4 0.6109375 0.08611111111111111 0.026041666666666668 0.03888888888888889
4 0.5963541666666666 0.10740740740740741 0.026041666666666668 0.040740740740740744
4 0.22447916666666667 0.7962962962962963 0.165625 0.24444444444444446
5 0.44895833333333335 0.2212962962962963 0.04583333333333333 0.09814814814814815
4 0.6317708333333333 0.32592592592592595 0.065625 0.10370370370370371
4 0.6916666666666667 0.6092592592592593 0.12291666666666666 0.1851851851851852
4 0.44427083333333334 0.11111111111111112 0.017708333333333333 0.040740740740740744
4 0.490625 0.08240740740740742 0.022916666666666665 0.03518518518518519
3 0.934375 0.4398148148148148 0.12916666666666665 0.37222222222222223
3 0.8578125 0.5074074074074074 0.25104166666666666 0.5259259259259259
3 0.4036458333333333 0.15555555555555556 0.065625 0.13703703703703704