5 0.6973958333333333 0.5675925925925926 0.11979166666666667 0.29074074074074074
4 0.6244791666666667 0.41111111111111115 0.08645833333333333 0.14444444444444446
4 0.6348958333333333 0.28703703703703703 0.071875 0.14814814814814814
4 0.8468749999999999 0.4962962962962963 0.11875 0.22222222222222224
4 0.7572916666666667 0.3148148148148148 0.08125 0.12222222222222223
4 0.609375 0.1685185185185185 0.04583333333333333 0.07777777777777778
4 0.7572916666666667 0.05277777777777778 0.03125 0.03888888888888889
4 0.7875 0.08518518518518518 0.0375 0.05925925925925926
4 0.8364583333333333 0.07407407407407407 0.03958333333333333 0.05185185185185186
4 0.6932291666666667 0.14907407407407408 0.042708333333333334 0.07222222222222223
5 0.5880208333333333 0.10555555555555556 0.030208333333333334 0.07037037037037037
4 0.8609375 0.1212962962962963 0.04895833333333333 0.06481481481481481
4 0.6130208333333333 0.08888888888888889 0.034375 0.05185185185185186
4 0.834375 0.19166666666666668 0.058333333333333334 0.08333333333333334
4 0.6005208333333333 0.049074074074074076 0.026041666666666668 0.0462962962962963
4 0.9770833333333333 0.2138888888888889 0.04375 0.08703703703703704
3 0.384375 0.700925925925926 0.36041666666666666 0.5944444444444444