5 0.6567708333333333 0.8037037037037037 0.12395833333333334 0.35185185185185186
4 0.809375 0.22592592592592595 0.03958333333333333 0.05185185185185186
4 0.7489583333333333 0.13425925925925927 0.029166666666666667 0.03888888888888889
4 0.7666666666666666 0.15462962962962964 0.03333333333333333 0.04259259259259259
4 0.7265625 0.1564814814814815 0.028125 0.04259259259259259
4 0.7052083333333333 0.1388888888888889 0.027083333333333334 0.037037037037037035
4 0.8072916666666666 0.2555555555555556 0.05416666666666667 0.06666666666666667
4 0.7333333333333333 0.4388888888888889 0.07708333333333334 0.12592592592592594
4 0.590625 0.32685185185185184 0.05416666666666667 0.09074074074074075
4 0.5963541666666666 0.25 0.042708333333333334 0.06666666666666667
4 0.5286458333333334 0.22222222222222224 0.034375 0.06296296296296297
4 0.578125 0.1925925925925926 0.03125 0.05185185185185186
4 0.5723958333333333 0.16296296296296298 0.028125 0.044444444444444446
4 0.978125 0.4 0.03958333333333333 0.10740740740740741
3 0.8223958333333333 0.16203703703703703 0.08020833333333333 0.12407407407407407
3 0.9390625 0.225 0.11979166666666667 0.2240740740740741