4 0.4796875 0.13240740740740742 0.026041666666666668 0.07592592592592592
5 0.6052083333333333 0.3148148148148148 0.0625 0.11111111111111112
4 0.5822916666666667 0.19444444444444445 0.04375 0.07407407407407407
4 0.8151041666666666 0.5777777777777778 0.134375 0.22222222222222224
4 0.7072916666666667 0.2925925925925926 0.07916666666666666 0.15185185185185185
4 0.7442708333333333 0.07592592592592592 0.034375 0.044444444444444446
4 0.5671875 0.1425925925925926 0.034375 0.05185185185185186
4 0.5604166666666667 0.09814814814814815 0.03125 0.04814814814814815
4 0.6005208333333333 0.06944444444444445 0.028125 0.04259259259259259
5 0.4828125 0.14074074074074075 0.05520833333333333 0.07037037037037037
4 0.5552083333333333 0.04166666666666667 0.025 0.031481481481481485
4 0.965625 0.49722222222222223 0.06666666666666667 0.15
3 0.47291666666666665 0.33425925925925926 0.12291666666666666 0.3462962962962963