4 0.48593749999999997 0.1462962962962963 0.03229166666666666 0.06666666666666667
4 0.6411458333333333 0.537962962962963 0.09895833333333333 0.20185185185185187
4 0.5734375 0.16944444444444445 0.03854166666666667 0.06851851851851852
4 0.6848958333333334 0.25 0.06354166666666666 0.10370370370370371
5 0.5104166666666666 0.16574074074074074 0.04583333333333333 0.10185185185185186
4 0.5552083333333333 0.11203703703703705 0.0375 0.05
4 0.7244791666666667 0.1462962962962963 0.04895833333333333 0.07407407407407407
4 0.7859375 0.14907407407407408 0.057291666666666664 0.07222222222222223
4 0.5588541666666667 0.07037037037037037 0.03229166666666666 0.044444444444444446
4 0.6015625 0.0787037037037037 0.034375 0.053703703703703705
4 0.9515625 0.34814814814814815 0.09479166666666666 0.12592592592592594
3 0.5171875 0.030555555555555558 0.030208333333333334 0.061111111111111116
3 0.44687499999999997 0.47685185185185186 0.16875 0.512962962962963