4 0.6088541666666667 0.08611111111111111 0.02395833333333333 0.04259259259259259
4 0.6223958333333334 0.13425925925925927 0.028125 0.04259259259259259
4 0.3458333333333333 0.21296296296296297 0.06041666666666667 0.07037037037037037
4 0.4427083333333333 0.1925925925925926 0.04375 0.07407407407407407
4 0.5072916666666667 0.1712962962962963 0.03958333333333333 0.06481481481481481
4 0.6145833333333334 0.16944444444444445 0.041666666666666664 0.061111111111111116
4 0.7203125 0.2898148148148148 0.06770833333333333 0.09444444444444444
4 0.49583333333333335 0.0962962962962963 0.027083333333333334 0.04814814814814815
4 0.6395833333333333 0.3314814814814815 0.075 0.12592592592592594
4 0.5213541666666667 0.12407407407407407 0.026041666666666668 0.04814814814814815
5 0.47552083333333334 0.07962962962962963 0.030208333333333334 0.05925925925925926
4 0.8015625 0.45740740740740743 0.11354166666666667 0.15925925925925927
4 0.6692708333333334 0.4898148148148148 0.10104166666666667 0.17222222222222222
4 0.5260416666666666 0.08425925925925926 0.020833333333333332 0.031481481481481485
3 0.9020833333333333 0.34444444444444444 0.19375 0.31851851851851853
3 0.6776041666666667 0.17962962962962964 0.08854166666666667 0.17777777777777778