4 0.8015625 0.1712962962962963 0.03229166666666666 0.053703703703703705
4 0.7192708333333333 0.11203703703703705 0.02395833333333333 0.03518518518518519
4 0.759375 0.18703703703703706 0.04375 0.05555555555555556
4 0.6369791666666667 0.7166666666666667 0.11979166666666667 0.23703703703703705
4 0.56875 0.45462962962962966 0.08125 0.13518518518518519
4 0.5442708333333334 0.34444444444444444 0.05520833333333333 0.10370370370370371
4 0.5927083333333333 0.24814814814814815 0.041666666666666664 0.07407407407407407
4 0.5828125 0.20370370370370372 0.036458333333333336 0.06296296296296297
4 0.9427083333333334 0.28425925925925927 0.058333333333333334 0.08333333333333334
4 0.5927083333333333 0.13611111111111113 0.029166666666666667 0.04259259259259259
3 0.778125 0.11296296296296297 0.0625 0.1
3 0.8869791666666667 0.16574074074074074 0.11354166666666667 0.18333333333333335