4 0.5020833333333333 0.16574074074074074 0.0375 0.06851851851851852
4 0.5854166666666667 0.21944444444444444 0.04583333333333333 0.08703703703703704
4 0.8895833333333333 0.762962962962963 0.175 0.3111111111111111
5 0.51875 0.19814814814814816 0.04791666666666666 0.11481481481481481
4 0.5604166666666667 0.14722222222222223 0.03958333333333333 0.061111111111111116
4 0.6802083333333333 0.07777777777777778 0.035416666666666666 0.05555555555555556
4 0.7020833333333333 0.05462962962962963 0.029166666666666667 0.05
4 0.5989583333333334 0.11111111111111112 0.041666666666666664 0.07037037037037037
4 0.6713541666666667 0.21666666666666667 0.06145833333333333 0.10370370370370371
4 0.7666666666666666 0.13148148148148148 0.052083333333333336 0.06296296296296297
4 0.565625 0.04722222222222222 0.025 0.0462962962962963
3 0.5161458333333333 0.03981481481481482 0.036458333333333336 0.07962962962962963
4 0.9609375 0.3027777777777778 0.07604166666666666 0.12407407407407407
3 0.4479166666666667 0.46851851851851856 0.17291666666666666 0.5074074074074074