4 0.4713541666666667 0.20555555555555557 0.053125 0.08148148148148149
4 0.5104166666666666 0.32685185185185184 0.07916666666666666 0.1537037037037037
4 0.4869791666666667 0.8333333333333334 0.17604166666666665 0.32962962962962966
4 0.6333333333333333 0.3648148148148148 0.07708333333333334 0.14814814814814814
4 0.5609375 0.20555555555555557 0.053125 0.08518518518518518
4 0.7703125 0.05740740740740741 0.03229166666666666 0.04814814814814815
4 0.7338541666666667 0.08981481481481482 0.040625 0.05740740740740741
4 0.6442708333333333 0.23333333333333334 0.053125 0.1
5 0.5848958333333333 0.11574074074074074 0.04895833333333333 0.10555555555555556
5 0.7890625 0.07777777777777778 0.04479166666666667 0.07777777777777778
4 0.4505208333333333 0.17777777777777778 0.084375 0.07037037037037037
4 0.8041666666666667 0.14722222222222223 0.052083333333333336 0.07592592592592592
4 0.7833333333333333 0.21944444444444444 0.06458333333333333 0.09444444444444444
4 0.9296875 0.23055555555555557 0.08229166666666667 0.10185185185185186
3 0.4890625 0.1 0.12604166666666666 0.15555555555555556