5 0.4114583333333333 0.2555555555555556 0.10833333333333334 0.0925925925925926
4 0.5895833333333333 0.36574074074074076 0.058333333333333334 0.10185185185185186
5 0.5828125 0.23055555555555557 0.034375 0.09074074074074075
4 0.6463541666666667 0.22037037037037038 0.040625 0.06666666666666667
4 0.8666666666666667 0.2972222222222222 0.06458333333333333 0.07962962962962963
4 0.8197916666666667 0.18333333333333335 0.03958333333333333 0.05185185185185186
4 0.7828125 0.20462962962962963 0.046875 0.053703703703703705
4 0.7619791666666667 0.18611111111111112 0.040625 0.05
4 0.7682291666666666 0.15462962962962964 0.034375 0.0462962962962963
4 0.7322916666666667 0.15925925925925927 0.03333333333333333 0.044444444444444446
5 0.7125 0.13518518518518519 0.029166666666666667 0.05185185185185186
4 0.696875 0.12685185185185185 0.025 0.04259259259259259
4 0.8828125 0.3527777777777778 0.071875 0.09814814814814815
4 0.6182291666666666 0.16666666666666669 0.028125 0.04814814814814815
4 0.565625 0.15092592592592594 0.027083333333333334 0.0462962962962963
3 0.9354166666666667 0.22222222222222224 0.12708333333333333 0.17777777777777778