4 0.9296875 0.8305555555555556 0.13854166666666667 0.28703703703703703
4 0.6505208333333333 0.40185185185185185 0.08229166666666667 0.14814814814814814
4 0.7552083333333334 0.05277777777777778 0.03125 0.0462962962962963
4 0.60625 0.26203703703703707 0.06041666666666667 0.09814814814814815
4 0.7911458333333333 0.46851851851851856 0.09895833333333333 0.17037037037037037
4 0.8067708333333333 0.06018518518518519 0.03229166666666666 0.04259259259259259
4 0.784375 0.08703703703703704 0.035416666666666666 0.05185185185185186
5 0.6125 0.17222222222222222 0.041666666666666664 0.08518518518518518
4 0.8135416666666666 0.10833333333333334 0.0375 0.05
4 0.6072916666666667 0.11111111111111112 0.03333333333333333 0.040740740740740744
4 0.8869791666666667 0.12592592592592594 0.04895833333333333 0.06296296296296297
4 0.7864583333333334 0.1537037037037037 0.052083333333333336 0.07407407407407407
4 0.5380208333333333 0.07037037037037037 0.028125 0.04814814814814815
5 0.5921875 0.0638888888888889 0.030208333333333334 0.061111111111111116
4 0.65 0.08055555555555556 0.03125 0.053703703703703705
5 0.9375 0.21481481481481482 0.08333333333333333 0.11851851851851852
4 0.48541666666666666 0.19074074074074074 0.07708333333333334 0.06296296296296297
3 0.47291666666666665 0.41203703703703703 0.14375 0.39814814814814814