4 0.6869791666666667 0.01388888888888889 0.017708333333333333 0.02777777777777778
4 0.6984375 0.036111111111111115 0.019791666666666666 0.031481481481481485
4 0.17708333333333334 0.4638888888888889 0.1125 0.1462962962962963
4 0.725 0.040740740740740744 0.025 0.022222222222222223
4 0.7223958333333333 0.021296296296296296 0.017708333333333333 0.016666666666666666
4 0.31979166666666664 0.30648148148148147 0.0625 0.09814814814814815
4 0.7255208333333333 0.0712962962962963 0.030208333333333334 0.03888888888888889
4 0.765625 0.05185185185185186 0.025 0.02592592592592593
4 0.7583333333333333 0.08425925925925926 0.029166666666666667 0.04259259259259259
5 0.6760416666666667 0.05185185185185186 0.025 0.044444444444444446
4 0.79375 0.06944444444444445 0.035416666666666666 0.05
4 0.6484375 0.14074074074074075 0.03854166666666667 0.06296296296296297
4 0.596875 0.1 0.027083333333333334 0.04814814814814815
4 0.7713541666666667 0.11203703703703705 0.040625 0.053703703703703705
4 0.8276041666666667 0.1277777777777778 0.053125 0.044444444444444446
4 0.8307291666666666 0.1564814814814815 0.053125 0.061111111111111116
4 0.8838541666666666 0.12314814814814816 0.06770833333333333 0.06481481481481481
4 0.584375 0.03796296296296296 0.020833333333333332 0.03518518518518519
4 0.6114583333333333 0.021296296296296296 0.020833333333333332 0.04259259259259259
4 0.5427083333333333 0.032407407407407406 0.01875 0.031481481481481485
3 0.5354166666666667 0.15092592592592594 0.07291666666666667 0.1685185185185185