4 0.3890625 0.7925925925925926 0.17395833333333333 0.32222222222222224
4 0.6713541666666667 0.46574074074074073 0.090625 0.17592592592592593
4 0.51875 0.3685185185185185 0.08125 0.13333333333333333
4 0.4661458333333333 0.21296296296296297 0.053125 0.08148148148148149
4 0.6447916666666667 0.2564814814814815 0.06458333333333333 0.1388888888888889
4 0.5651041666666666 0.20185185185185187 0.053125 0.0962962962962963
4 0.6401041666666667 0.09722222222222222 0.034375 0.05740740740740741
4 0.5947916666666666 0.08055555555555556 0.027083333333333334 0.0462962962962963
4 0.7723958333333333 0.20740740740740743 0.057291666666666664 0.08518518518518518
4 0.8296875 0.1851851851851852 0.057291666666666664 0.08148148148148149
4 0.8781249999999999 0.14074074074074075 0.05416666666666667 0.07407407407407407
4 0.80625 0.10185185185185186 0.04583333333333333 0.06296296296296297
4 0.9390625 0.08055555555555556 0.08645833333333333 0.05740740740740741
4 0.5786458333333333 0.14444444444444446 0.042708333333333334 0.06666666666666667
5 0.5729166666666666 0.09907407407407408 0.0375 0.06481481481481481
4 0.9244791666666666 0.6055555555555556 0.14895833333333333 0.22222222222222224
3 0.48541666666666666 0.11111111111111112 0.12291666666666666 0.15555555555555556