4 0.6567708333333333 0.750925925925926 0.134375 0.2833333333333333
4 0.7463541666666667 0.04259259259259259 0.03229166666666666 0.040740740740740744
4 0.809375 0.45740740740740743 0.1125 0.17407407407407408
4 0.6328125 0.25925925925925924 0.06145833333333333 0.10370370370370371
4 0.7739583333333333 0.061111111111111116 0.035416666666666666 0.044444444444444446
4 0.603125 0.17777777777777778 0.04583333333333333 0.07777777777777778
4 0.7302083333333333 0.2574074074074074 0.06458333333333333 0.10370370370370371
4 0.7036458333333333 0.04166666666666667 0.028125 0.04259259259259259
4 0.8427083333333333 0.075 0.03958333333333333 0.05
4 0.8182291666666667 0.10833333333333334 0.046875 0.05740740740740741
5 0.6015625 0.11111111111111112 0.03229166666666666 0.06296296296296297
4 0.859375 0.14537037037037037 0.04791666666666666 0.06481481481481481
4 0.5994791666666667 0.07222222222222223 0.026041666666666668 0.040740740740740744
4 0.9385416666666666 0.1814814814814815 0.058333333333333334 0.08148148148148149
4 0.8734375 0.2611111111111111 0.07604166666666666 0.10740740740740741
4 0.5427083333333333 0.03888888888888889 0.022916666666666665 0.040740740740740744
5 0.5869791666666666 0.032407407407407406 0.026041666666666668 0.06481481481481481
4 0.634375 0.03425925925925926 0.025 0.04259259259259259
3 0.49322916666666666 0.30185185185185187 0.121875 0.3