4 0.615625 0.10462962962962963 0.03125 0.0462962962962963
4 0.5989583333333334 0.12685185185185185 0.029166666666666667 0.03888888888888889
4 0.3458333333333333 0.47500000000000003 0.09166666666666666 0.13518518518518519
4 0.42083333333333334 0.7777777777777778 0.13958333333333334 0.2555555555555556
5 0.471875 0.1712962962962963 0.0375 0.08333333333333334
4 0.6458333333333334 0.4287037037037037 0.08958333333333333 0.13518518518518519
4 0.75 0.8518518518518519 0.18541666666666667 0.2555555555555556
4 0.45625 0.10462962962962963 0.0125 0.03518518518518519
3 0.9354166666666667 0.4388888888888889 0.12708333333333333 0.3666666666666667
3 0.8776041666666666 0.6175925925925926 0.24270833333333333 0.65
3 0.4203125 0.13055555555555556 0.057291666666666664 0.11666666666666667