4 0.4734375 0.20185185185185187 0.053125 0.07777777777777778
4 0.465625 0.47962962962962963 0.1125 0.21481481481481482
4 0.6130208333333333 0.5675925925925926 0.11354166666666667 0.2388888888888889
4 0.5463541666666667 0.2740740740740741 0.06145833333333333 0.10740740740740741
4 0.7229166666666667 0.058333333333333334 0.03333333333333333 0.05
4 0.6411458333333333 0.337037037037037 0.06979166666666667 0.12962962962962962
5 0.5755208333333334 0.15185185185185185 0.053125 0.12222222222222223
5 0.7682291666666666 0.04537037037037037 0.036458333333333336 0.061111111111111116
4 0.4515625 0.1787037037037037 0.08020833333333333 0.07222222222222223
4 0.775 0.09907407407407408 0.03958333333333333 0.06481481481481481
4 0.75 0.14351851851851852 0.05 0.07222222222222223
4 0.85625 0.14907407407407408 0.058333333333333334 0.07962962962962963
4 0.6046875 0.11481481481481481 0.036458333333333336 0.05555555555555556
4 0.9395833333333333 0.2796296296296296 0.0875 0.11481481481481481
3 0.49114583333333334 0.09537037037037037 0.128125 0.15