4 0.496875 0.4712962962962963 0.10208333333333333 0.17962962962962964
4 0.6614583333333334 0.2925925925925926 0.06458333333333333 0.11481481481481481
4 0.5515625 0.25925925925925924 0.06145833333333333 0.0925925925925926
4 0.4708333333333333 0.21666666666666667 0.05625 0.07777777777777778
4 0.6432291666666666 0.18333333333333335 0.051041666666666666 0.10370370370370371
4 0.5796875 0.15833333333333333 0.042708333333333334 0.08333333333333334
4 0.6395833333333333 0.07592592592592592 0.03125 0.05185185185185186
4 0.5989583333333334 0.075 0.027083333333333334 0.0462962962962963
4 0.8385416666666666 0.33796296296296297 0.0875 0.12407407407407407
4 0.8937499999999999 0.2777777777777778 0.07916666666666666 0.11111111111111112
4 0.9249999999999999 0.1925925925925926 0.06875 0.0925925925925926
4 0.8380208333333333 0.13240740740740742 0.057291666666666664 0.06851851851851852
4 0.8848958333333333 0.0962962962962963 0.06145833333333333 0.05925925925925926
3 0.48541666666666666 0.11851851851851852 0.125 0.15185185185185185