3 0.4890625 0.12592592592592594 0.07604166666666666 0.22962962962962963
4 0.6520833333333333 0.5101851851851852 0.10416666666666667 0.19074074074074074
4 0.8937499999999999 0.7148148148148148 0.175 0.2925925925925926
5 0.75 0.32592592592592595 0.09583333333333333 0.1851851851851852
4 0.6078125 0.2518518518518519 0.06145833333333333 0.10740740740740741
4 0.59375 0.17037037037037037 0.05 0.08148148148148149
4 0.5708333333333333 0.09074074074074075 0.03333333333333333 0.04814814814814815
4 0.7255208333333333 0.07222222222222223 0.03854166666666667 0.05555555555555556
4 0.8328125 0.10740740740740741 0.05520833333333333 0.06296296296296297
4 0.596875 0.04537037037037037 0.029166666666666667 0.03888888888888889
4 0.5416666666666666 0.03981481481481482 0.027083333333333334 0.03518518518518519
4 0.8072916666666666 0.23425925925925928 0.08125 0.09814814814814815
4 0.46041666666666664 0.11388888888888889 0.027083333333333334 0.05740740740740741
4 0.9567708333333333 0.3074074074074074 0.084375 0.11481481481481481
3 0.4067708333333333 0.6768518518518519 0.328125 0.6425925925925926