4 0.5135416666666667 0.2064814814814815 0.04375 0.07592592592592592
4 0.6479166666666667 0.5666666666666667 0.10625 0.21481481481481482
5 0.578125 0.29814814814814816 0.08958333333333333 0.14814814814814814
4 0.590625 0.23425925925925928 0.05416666666666667 0.09074074074074075
4 0.7682291666666666 0.4398148148148148 0.12604166666666666 0.20185185185185187
4 0.6854166666666667 0.040740740740740744 0.027083333333333334 0.037037037037037035
4 0.6229166666666667 0.14537037037037037 0.04791666666666666 0.07222222222222223
3 0.5104166666666666 0.05648148148148149 0.04375 0.11296296296296297
4 0.74375 0.06759259259259259 0.035416666666666666 0.053703703703703705
4 0.5635416666666666 0.06944444444444445 0.027083333333333334 0.03888888888888889
4 0.6208333333333333 0.09074074074074075 0.035416666666666666 0.04814814814814815
4 0.790625 0.21296296296296297 0.07083333333333333 0.0962962962962963
4 0.5875 0.05555555555555556 0.027083333333333334 0.044444444444444446
3 0.45208333333333334 0.46944444444444444 0.16875 0.512962962962963