4 0.8083333333333333 0.19444444444444445 0.03333333333333333 0.05555555555555556
4 0.721875 0.12685185185185185 0.027083333333333334 0.03888888888888889
4 0.7875 0.21944444444444444 0.052083333333333336 0.061111111111111116
4 0.8833333333333333 0.7694444444444445 0.15416666666666667 0.2574074074074074
4 0.6078125 0.425 0.06979166666666667 0.1277777777777778
4 0.5947916666666666 0.3138888888888889 0.05625 0.09074074074074075
4 0.5328125 0.2555555555555556 0.040625 0.07777777777777778
4 0.584375 0.20370370370370372 0.03333333333333333 0.05925925925925926
4 0.578125 0.17500000000000002 0.03125 0.053703703703703705
4 0.9645833333333333 0.33055555555555555 0.06458333333333333 0.09444444444444444
3 0.7979166666666666 0.13055555555555556 0.07083333333333333 0.10925925925925926
3 0.9161458333333333 0.18796296296296297 0.134375 0.20185185185185187