4 0.6953125 0.8638888888888889 0.165625 0.26851851851851855
5 0.6583333333333333 0.4518518518518519 0.08541666666666667 0.1962962962962963
4 0.7666666666666666 0.049074074074074076 0.025 0.03888888888888889
4 0.6447916666666667 0.27314814814814814 0.06041666666666667 0.10185185185185186
4 0.5296875 0.1175925925925926 0.034375 0.061111111111111116
5 0.6020833333333333 0.14351851851851852 0.04375 0.09444444444444444
4 0.7666666666666666 0.33333333333333337 0.08333333333333333 0.13333333333333333
5 0.7958333333333333 0.08055555555555556 0.04375 0.06851851851851852
4 0.5401041666666666 0.2712962962962963 0.051041666666666666 0.09814814814814815
4 0.58125 0.10555555555555556 0.029166666666666667 0.05555555555555556
4 0.8458333333333333 0.1398148148148148 0.05625 0.06851851851851852
4 0.6666666666666666 0.10555555555555556 0.04375 0.07037037037037037
4 0.5578125 0.05185185185185186 0.026041666666666668 0.044444444444444446
4 0.9651041666666667 0.275 0.06770833333333333 0.11296296296296297
3 0.4583333333333333 0.47685185185185186 0.17083333333333334 0.49074074074074076