4 0.6447916666666667 0.4287037037037037 0.09375 0.1537037037037037
4 0.6151041666666667 0.21296296296296297 0.051041666666666666 0.08888888888888889
4 0.8322916666666667 0.5583333333333333 0.13958333333333334 0.21666666666666667
4 0.7541666666666667 0.06296296296296297 0.035416666666666666 0.05185185185185186
4 0.5489583333333333 0.19444444444444445 0.04791666666666666 0.08148148148148149
5 0.6072916666666667 0.14166666666666666 0.0375 0.07962962962962963
4 0.7072916666666667 0.22777777777777777 0.06458333333333333 0.08888888888888889
4 0.8114583333333333 0.08425925925925926 0.035416666666666666 0.05740740740740741
4 0.5354166666666667 0.13055555555555556 0.03958333333333333 0.061111111111111116
4 0.6744791666666666 0.14537037037037037 0.051041666666666666 0.07592592592592592
4 0.5765625 0.09907407407407408 0.03854166666666667 0.061111111111111116
5 0.6541666666666667 0.08981481481481482 0.035416666666666666 0.06481481481481481
4 0.8411458333333334 0.1462962962962963 0.05520833333333333 0.07407407407407407
4 0.615625 0.0638888888888889 0.029166666666666667 0.05740740740740741
4 0.9255208333333333 0.14722222222222223 0.059375 0.07592592592592592
4 0.9447916666666667 0.26296296296296295 0.08333333333333333 0.1
4 0.6333333333333333 0.04537037037037037 0.022916666666666665 0.04259259259259259
3 0.45677083333333335 0.5787037037037037 0.21562499999999998 0.6685185185185185