4 0.6958333333333333 0.04537037037037037 0.01875 0.02777777777777778
4 0.7078125 0.05555555555555556 0.02395833333333333 0.02962962962962963
4 0.24895833333333334 0.3787037037037037 0.09166666666666666 0.11666666666666667
4 0.7333333333333333 0.02314814814814815 0.020833333333333332 0.02777777777777778
4 0.7286458333333333 0.03518518518518519 0.021875 0.03333333333333333
4 0.7401041666666667 0.07777777777777778 0.028125 0.044444444444444446
4 0.7536458333333333 0.05462962962962963 0.021875 0.03518518518518519
4 0.384375 0.2555555555555556 0.07916666666666666 0.07777777777777778
4 0.7328125 0.09166666666666667 0.028125 0.04259259259259259
4 0.7833333333333333 0.08240740740740742 0.027083333333333334 0.04259259259259259
4 0.7682291666666666 0.10925925925925926 0.034375 0.05185185185185186
5 0.6942708333333333 0.0925925925925926 0.034375 0.05555555555555556
4 0.7270833333333333 0.41574074074074074 0.08333333333333333 0.1388888888888889
4 0.8223958333333333 0.10925925925925926 0.03854166666666667 0.05555555555555556
4 0.6166666666666667 0.08240740740740742 0.027083333333333334 0.04259259259259259
4 0.59375 0.062037037037037036 0.020833333333333332 0.03518518518518519
4 0.8125 0.16296296296296298 0.04583333333333333 0.05925925925925926
4 0.8942708333333333 0.18425925925925926 0.05520833333333333 0.06481481481481481
4 0.91875 0.24074074074074076 0.07083333333333333 0.08148148148148149
4 0.9395833333333333 0.14722222222222223 0.075 0.06481481481481481
4 0.5838541666666667 0.03518518518518519 0.017708333333333333 0.02962962962962963
4 0.6067708333333334 0.017592592592592594 0.017708333333333333 0.03518518518518519
3 0.553125 0.10555555555555556 0.04791666666666666 0.11851851851851852