4 0.4734375 0.18796296296296297 0.05520833333333333 0.08333333333333334
4 0.425 0.8351851851851853 0.17083333333333334 0.32592592592592595
5 0.5072916666666667 0.3805555555555556 0.10416666666666667 0.2537037037037037
4 0.453125 0.16481481481481483 0.08333333333333333 0.07037037037037037
4 0.5671875 0.2564814814814815 0.06354166666666666 0.10555555555555556
4 0.7885416666666667 0.06944444444444445 0.041666666666666664 0.05740740740740741
4 0.8359375 0.04351851851851852 0.03854166666666667 0.06481481481481481
4 0.5932291666666667 0.10185185185185186 0.03854166666666667 0.07407407407407407
4 0.6479166666666667 0.11666666666666667 0.041666666666666664 0.07037037037037037
4 0.6463541666666667 0.06759259259259259 0.034375 0.05740740740740741
3 0.490625 0.08425925925925926 0.12708333333333333 0.1462962962962963