4 0.69375 0.03888888888888889 0.01875 0.02962962962962963
4 0.7057291666666666 0.05 0.021875 0.03333333333333333
4 0.2265625 0.40370370370370373 0.09895833333333333 0.12592592592592594
4 0.7369791666666666 0.020370370370370372 0.021875 0.02592592592592593
4 0.7223958333333333 0.02592592592592593 0.019791666666666666 0.02962962962962963
4 0.7359375 0.062037037037037036 0.028125 0.031481481481481485
4 0.7453125 0.0462962962962963 0.021875 0.037037037037037035
4 0.3598958333333333 0.26851851851851855 0.07604166666666666 0.08518518518518518
4 0.73125 0.08425925925925926 0.029166666666666667 0.04259259259259259
4 0.7791666666666667 0.075 0.027083333333333334 0.04259259259259259
4 0.7661458333333333 0.09814814814814815 0.03229166666666666 0.05185185185185186
5 0.6890625 0.08148148148148149 0.030208333333333334 0.05185185185185186
4 0.7765625 0.6074074074074074 0.12395833333333334 0.20740740740740743
4 0.8145833333333333 0.09537037037037037 0.0375 0.05740740740740741
4 0.6260416666666666 0.09166666666666667 0.029166666666666667 0.0462962962962963
4 0.5953125 0.07037037037037037 0.021875 0.040740740740740744
4 0.8 0.14444444444444446 0.04375 0.05925925925925926
4 0.8744791666666667 0.16296296296296298 0.051041666666666666 0.05925925925925926
4 0.8848958333333333 0.20740740740740743 0.06145833333333333 0.07407407407407407
4 0.9208333333333333 0.13796296296296298 0.07291666666666667 0.06851851851851852
4 0.5848958333333333 0.031481481481481485 0.019791666666666666 0.02962962962962963
4 0.6088541666666667 0.018518518518518517 0.017708333333333333 0.037037037037037035
3 0.5505208333333333 0.11296296296296297 0.04895833333333333 0.13703703703703704