4 0.534375 0.24074074074074076 0.06458333333333333 0.0962962962962963
5 0.640625 0.45462962962962966 0.10625 0.2388888888888889
4 0.6010416666666667 0.31203703703703706 0.06041666666666667 0.09444444444444444
4 0.6958333333333333 0.2712962962962963 0.07916666666666666 0.13148148148148148
3 0.5041666666666667 0.06944444444444445 0.05 0.1388888888888889
4 0.5723958333333333 0.11203703703703705 0.03229166666666666 0.061111111111111116
4 0.6520833333333333 0.16203703703703703 0.04791666666666666 0.06851851851851852
4 0.6984375 0.0925925925925926 0.042708333333333334 0.06666666666666667
4 0.6177083333333333 0.0925925925925926 0.035416666666666666 0.05185185185185186
5 0.6114583333333333 0.061111111111111116 0.027083333333333334 0.06296296296296297
4 0.5598958333333334 0.053703703703703705 0.02395833333333333 0.044444444444444446
4 0.9354166666666667 0.29074074074074074 0.06875 0.0962962962962963
3 0.4479166666666667 0.4675925925925926 0.17291666666666666 0.5055555555555555