4 0.6609375 0.6537037037037037 0.13229166666666667 0.2518518518518519
4 0.6520833333333333 0.3768518518518519 0.09375 0.18333333333333335
4 0.8411458333333334 0.5203703703703704 0.134375 0.1962962962962963
4 0.6109375 0.19814814814814816 0.053125 0.0925925925925926
4 0.7729166666666667 0.0462962962962963 0.03333333333333333 0.05185185185185186
4 0.8020833333333334 0.03796296296296296 0.029166666666666667 0.04259259259259259
4 0.7177083333333333 0.2138888888888889 0.058333333333333334 0.10185185185185186
5 0.590625 0.1287037037037037 0.0375 0.08703703703703704
4 0.8270833333333333 0.07222222222222223 0.03958333333333333 0.05555555555555556
4 0.6239583333333333 0.10648148148148148 0.035416666666666666 0.06481481481481481
4 0.7890625 0.10740740740740741 0.042708333333333334 0.06296296296296297
4 0.603125 0.0638888888888889 0.03125 0.05
4 0.921875 0.13518518518518519 0.058333333333333334 0.06666666666666667
4 0.9197916666666667 0.19074074074074074 0.07291666666666667 0.08148148148148149
4 0.9192708333333334 0.25925925925925924 0.078125 0.10740740740740741
3 0.3854166666666667 0.8166666666666667 0.3541666666666667 0.337037037037037