4 0.5083333333333333 0.18888888888888888 0.041666666666666664 0.07407407407407407
4 0.6213541666666667 0.40555555555555556 0.07604166666666666 0.14814814814814814
5 0.553125 0.2564814814814815 0.08125 0.13148148148148148
4 0.5854166666666667 0.20925925925925926 0.04791666666666666 0.08888888888888889
4 0.6484375 0.037037037037037035 0.026041666666666668 0.040740740740740744
4 0.6979166666666666 0.2740740740740741 0.07916666666666666 0.12962962962962962
4 0.6984375 0.05092592592592593 0.03229166666666666 0.03888888888888889
4 0.5979166666666667 0.11111111111111112 0.041666666666666664 0.06666666666666667
3 0.5135416666666667 0.05185185185185186 0.041666666666666664 0.10370370370370371
4 0.7723958333333333 0.0925925925925926 0.042708333333333334 0.05555555555555556
4 0.5583333333333333 0.05740740740740741 0.022916666666666665 0.040740740740740744
4 0.6078125 0.0638888888888889 0.030208333333333334 0.04259259259259259
4 0.8963541666666667 0.33611111111111114 0.11145833333333333 0.1425925925925926
3 0.45260416666666664 0.4703703703703704 0.16979166666666667 0.5148148148148148