4 0.6713541666666667 0.5314814814814816 0.109375 0.1962962962962963
4 0.61875 0.23981481481481481 0.05416666666666667 0.09444444444444444
4 0.8973958333333333 0.762962962962963 0.17395833333333333 0.31851851851851853
4 0.7473958333333334 0.062037037037037036 0.03229166666666666 0.0462962962962963
4 0.5536458333333333 0.2101851851851852 0.04895833333333333 0.07962962962962963
5 0.6078125 0.16111111111111112 0.042708333333333334 0.07777777777777778
4 0.7255208333333333 0.27222222222222225 0.071875 0.11111111111111112
4 0.8046875 0.07777777777777778 0.034375 0.05185185185185186
4 0.5385416666666667 0.14814814814814814 0.041666666666666664 0.06666666666666667
4 0.6875 0.17777777777777778 0.05625 0.0925925925925926
4 0.5833333333333334 0.11388888888888889 0.03958333333333333 0.06851851851851852
5 0.6604166666666667 0.10555555555555556 0.035416666666666666 0.07407407407407407
4 0.8229166666666666 0.12962962962962962 0.05 0.07037037037037037
4 0.6234375 0.08240740740740742 0.030208333333333334 0.053703703703703705
4 0.9067708333333333 0.13796296296296298 0.053125 0.06851851851851852
4 0.9072916666666666 0.22777777777777777 0.07291666666666667 0.08518518518518518
4 0.6385416666666667 0.05925925925925926 0.025 0.037037037037037035
3 0.45625 0.5888888888888889 0.21458333333333332 0.6888888888888889