4 0.4666666666666667 0.18611111111111112 0.058333333333333334 0.07962962962962963
5 0.659375 0.4916666666666667 0.11875 0.2574074074074074
4 0.6260416666666666 0.3388888888888889 0.075 0.12592592592592594
4 0.5479166666666666 0.15833333333333333 0.03958333333333333 0.07222222222222223
4 0.784375 0.0638888888888889 0.03333333333333333 0.053703703703703705
4 0.6838541666666667 0.22222222222222224 0.06979166666666667 0.10740740740740741
4 0.5666666666666667 0.11203703703703705 0.03125 0.05740740740740741
4 0.6223958333333334 0.1 0.036458333333333336 0.05555555555555556
4 0.6598958333333333 0.12685185185185185 0.040625 0.06481481481481481
4 0.8427083333333333 0.17777777777777778 0.05625 0.08518518518518518
3 0.45468749999999997 0.4759259259259259 0.17395833333333333 0.4666666666666667