4 0.79375 0.05648148148148149 0.035416666666666666 0.05
4 0.7807291666666667 0.10092592592592593 0.03854166666666667 0.053703703703703705
4 0.5645833333333333 0.17685185185185187 0.041666666666666664 0.07592592592592592
4 0.5984375 0.12314814814814816 0.036458333333333336 0.05740740740740741
4 0.6703125 0.16574074074074074 0.04895833333333333 0.07592592592592592
4 0.6921875 0.6601851851851852 0.13229166666666667 0.2388888888888889
4 0.8197916666666667 0.1537037037037037 0.052083333333333336 0.07407407407407407
4 0.5401041666666666 0.1175925925925926 0.03229166666666666 0.053703703703703705
5 0.5911458333333334 0.08796296296296297 0.028125 0.061111111111111116
4 0.646875 0.09814814814814815 0.035416666666666666 0.05555555555555556
4 0.9130208333333333 0.23148148148148148 0.06979166666666667 0.0962962962962963
4 0.5380208333333333 0.07592592592592592 0.026041666666666668 0.03333333333333333
4 0.6130208333333333 0.06296296296296297 0.030208333333333334 0.04814814814814815
3 0.45989583333333334 0.5953703703703704 0.21145833333333333 0.6722222222222223