4 0.6114583333333333 0.15833333333333333 0.035416666666666666 0.05740740740740741
4 0.6317708333333333 0.26944444444444443 0.05520833333333333 0.08333333333333334
4 0.4109375 0.1574074074074074 0.034375 0.05555555555555556
4 0.475 0.11574074074074074 0.029166666666666667 0.04259259259259259
4 0.521875 0.08981481481481482 0.025 0.03888888888888889
4 0.6390625 0.37777777777777777 0.07604166666666666 0.11111111111111112
4 0.8302083333333333 0.549074074074074 0.12916666666666665 0.17962962962962964
4 0.5046875 0.06574074074074074 0.021875 0.031481481481481485
4 0.7963541666666667 0.8574074074074074 0.196875 0.25925925925925924
3 0.9302083333333333 0.4425925925925926 0.1375 0.40370370370370373
3 0.7453125 0.287962962962963 0.13854166666666667 0.28703703703703703
3 0.3302083333333333 0.28611111111111115 0.11666666666666667 0.2537037037037037