4 0.4708333333333333 0.21666666666666667 0.052083333333333336 0.08518518518518518
4 0.66875 0.6648148148148149 0.12291666666666666 0.26296296296296295
4 0.58125 0.1712962962962963 0.04583333333333333 0.07592592592592592
5 0.5390625 0.2712962962962963 0.05520833333333333 0.1388888888888889
4 0.7182291666666667 0.08888888888888889 0.036458333333333336 0.05925925925925926
4 0.6526041666666667 0.19907407407407407 0.046875 0.08333333333333334
4 0.8010416666666667 0.11944444444444445 0.04375 0.06481481481481481
4 0.7666666666666666 0.18425925925925926 0.05 0.07962962962962963
4 0.5796875 0.11388888888888889 0.03854166666666667 0.06851851851851852
4 0.6442708333333333 0.11296296296296297 0.040625 0.06296296296296297
4 0.8598958333333333 0.22222222222222224 0.06770833333333333 0.08888888888888889
3 0.4890625 0.10740740740740741 0.128125 0.15925925925925927