4 0.6692708333333334 0.525 0.10520833333333333 0.19814814814814816
4 0.7463541666666667 0.03518518518518519 0.030208333333333334 0.044444444444444446
4 0.615625 0.3138888888888889 0.07083333333333333 0.11666666666666667
4 0.8364583333333333 0.712037037037037 0.13541666666666666 0.26851851851851855
4 0.7885416666666667 0.03425925925925926 0.03125 0.03888888888888889
4 0.7708333333333334 0.06018518518518519 0.03333333333333333 0.0462962962962963
5 0.6203125 0.2 0.04479166666666667 0.10370370370370371
4 0.7973958333333333 0.08333333333333334 0.036458333333333336 0.05555555555555556
4 0.6145833333333334 0.12592592592592594 0.03958333333333333 0.04814814814814815
4 0.8578125 0.08796296296296297 0.04479166666666667 0.05740740740740741
4 0.7526041666666666 0.10740740740740741 0.04479166666666667 0.06296296296296297
4 0.5369791666666667 0.0712962962962963 0.028125 0.053703703703703705
5 0.5932291666666667 0.06574074074074074 0.03229166666666666 0.06481481481481481
4 0.6640625 0.1 0.03854166666666667 0.05925925925925926
5 0.8932291666666666 0.1638888888888889 0.06979166666666667 0.10555555555555556
4 0.5026041666666666 0.1953703703703704 0.06770833333333333 0.06851851851851852
4 0.5697916666666667 0.044444444444444446 0.022916666666666665 0.044444444444444446
3 0.4640625 0.44722222222222224 0.165625 0.4388888888888889