4 0.46041666666666664 0.575925925925926 0.12708333333333333 0.22962962962962963
4 0.6625 0.3472222222222222 0.07083333333333333 0.13518518518518519
4 0.5348958333333333 0.29444444444444445 0.06770833333333333 0.11481481481481481
4 0.4671875 0.2101851851851852 0.053125 0.08333333333333334
4 0.6401041666666667 0.20462962962962963 0.057291666666666664 0.11666666666666667
4 0.5703125 0.17222222222222222 0.04895833333333333 0.08888888888888889
4 0.6369791666666667 0.07962962962962963 0.030208333333333334 0.05555555555555556
4 0.59375 0.07592592592592592 0.029166666666666667 0.04814814814814815
4 0.8026041666666667 0.26666666666666666 0.071875 0.1
4 0.8583333333333333 0.22777777777777777 0.06875 0.0962962962962963
4 0.9005208333333333 0.16111111111111112 0.06145833333333333 0.07407407407407407
4 0.81875 0.1175925925925926 0.052083333333333336 0.06851851851851852
4 0.9020833333333333 0.08611111111111111 0.07291666666666667 0.05740740740740741
4 0.5817708333333333 0.12592592592592594 0.03854166666666667 0.05925925925925926
5 0.5645833333333333 0.0962962962962963 0.0375 0.07037037037037037
3 0.484375 0.11018518518518519 0.12708333333333333 0.1574074074074074