4 0.3328125 0.22777777777777777 0.046875 0.07777777777777778
4 0.6328125 0.1175925925925926 0.026041666666666668 0.05
4 0.5755208333333334 0.08240740740740742 0.021875 0.03888888888888889
4 0.6822916666666666 0.14351851851851852 0.03333333333333333 0.05740740740740741
4 0.6697916666666667 0.18703703703703706 0.04791666666666666 0.07407407407407407
4 0.3390625 0.5157407407407407 0.096875 0.1574074074074074
4 0.23906249999999998 0.4759259259259259 0.09895833333333333 0.12962962962962962
4 0.5036458333333333 0.22314814814814815 0.042708333333333334 0.07592592592592592
4 0.7385416666666667 0.2138888888888889 0.052083333333333336 0.07222222222222223
4 0.42864583333333334 0.22314814814814815 0.04479166666666667 0.07592592592592592
4 0.47760416666666666 0.12592592592592594 0.028125 0.04814814814814815
4 0.5244791666666666 0.16574074074074074 0.036458333333333336 0.05740740740740741
4 0.7473958333333334 0.3703703703703704 0.08229166666666667 0.11851851851851852
4 0.9114583333333334 0.4314814814814815 0.10416666666666667 0.13703703703703704
4 0.5083333333333333 0.11481481481481481 0.027083333333333334 0.040740740740740744
4 0.45989583333333334 0.10277777777777779 0.021875 0.03888888888888889
3 0.6729166666666666 0.08981481481481482 0.052083333333333336 0.08703703703703704