4 0.5083333333333333 0.18703703703703706 0.041666666666666664 0.07407407407407407
4 0.6166666666666667 0.38333333333333336 0.075 0.14074074074074075
5 0.546875 0.25092592592592594 0.07916666666666666 0.13518518518518519
4 0.5833333333333334 0.20555555555555557 0.05 0.0925925925925926
4 0.6505208333333333 0.03888888888888889 0.028125 0.044444444444444446
4 0.6890625 0.2555555555555556 0.07604166666666666 0.12222222222222223
4 0.6994791666666667 0.05462962962962963 0.03229166666666666 0.04259259259259259
4 0.5921875 0.10462962962962963 0.040625 0.06481481481481481
3 0.5140625 0.05092592592592593 0.040625 0.10185185185185186
4 0.778125 0.09907407407407408 0.04375 0.05740740740740741
4 0.5557291666666666 0.053703703703703705 0.021875 0.040740740740740744
4 0.6052083333333333 0.05925925925925926 0.03125 0.044444444444444446
4 0.9203125 0.36944444444444446 0.11562499999999999 0.16111111111111112
3 0.45208333333333334 0.46944444444444444 0.17083333333333334 0.512962962962963