4 0.6989583333333333 0.6277777777777778 0.13333333333333333 0.24444444444444446
4 0.6380208333333334 0.42592592592592593 0.10104166666666667 0.15925925925925927
5 0.6432291666666666 0.27592592592592596 0.071875 0.15185185185185185
4 0.578125 0.24351851851851852 0.058333333333333334 0.09444444444444444
4 0.6208333333333333 0.17592592592592593 0.05416666666666667 0.08888888888888889
5 0.7645833333333333 0.30092592592592593 0.08125 0.17592592592592593
4 0.7083333333333334 0.19074074074074074 0.058333333333333334 0.0962962962962963
4 0.80625 0.02962962962962963 0.035416666666666666 0.05925925925925926
4 0.7666666666666666 0.05 0.0375 0.04814814814814815
4 0.6875 0.1388888888888889 0.04791666666666666 0.06666666666666667
4 0.6041666666666666 0.0925925925925926 0.0375 0.06296296296296297
4 0.8333333333333334 0.10648148148148148 0.04791666666666666 0.05740740740740741
4 0.8510416666666667 0.17777777777777778 0.06666666666666667 0.0962962962962963
4 0.9114583333333334 0.14907407407407408 0.052083333333333336 0.07222222222222223
4 0.6520833333333333 0.05092592592592593 0.029166666666666667 0.05
5 0.5770833333333333 0.044444444444444446 0.027083333333333334 0.05555555555555556
4 0.9708333333333333 0.2425925925925926 0.05416666666666667 0.1
3 0.45625 0.6111111111111112 0.23333333333333334 0.737037037037037