4 0.32708333333333334 0.7935185185185185 0.16458333333333333 0.2833333333333333
5 0.4427083333333333 0.3611111111111111 0.08541666666666667 0.17777777777777778
4 0.6333333333333333 0.4444444444444445 0.08541666666666667 0.15925925925925927
4 0.7713541666666667 0.0962962962962963 0.036458333333333336 0.05555555555555556
4 0.525 0.17314814814814816 0.0625 0.06851851851851852
4 0.7411458333333333 0.1398148148148148 0.046875 0.07222222222222223
4 0.6020833333333333 0.14537037037037037 0.03958333333333333 0.06851851851851852
4 0.5828125 0.12037037037037038 0.036458333333333336 0.05555555555555556
4 0.6567708333333333 0.16944444444444445 0.042708333333333334 0.07222222222222223
4 0.8036458333333333 0.25092592592592594 0.06770833333333333 0.09074074074074075
4 0.6447916666666667 0.09444444444444444 0.03125 0.05185185185185186
3 0.48593749999999997 0.12407407407407407 0.128125 0.15555555555555556