4 0.4739583333333333 0.19907407407407407 0.05416666666666667 0.07962962962962963
4 0.3578125 0.7962962962962963 0.18645833333333334 0.362962962962963
4 0.5166666666666666 0.412962962962963 0.0875 0.15555555555555556
4 0.6390625 0.5694444444444444 0.10520833333333333 0.21296296296296297
5 0.5572916666666666 0.20833333333333334 0.06666666666666667 0.1537037037037037
4 0.4536458333333333 0.17314814814814816 0.084375 0.06851851851851852
4 0.7546875 0.05740740740740741 0.03229166666666666 0.05185185185185186
4 0.7291666666666666 0.08703703703703704 0.041666666666666664 0.05925925925925926
4 0.8151041666666666 0.08611111111111111 0.042708333333333334 0.061111111111111116
4 0.596875 0.1564814814814815 0.04375 0.07222222222222223
4 0.85625 0.16574074074074074 0.06041666666666667 0.07962962962962963
4 0.9302083333333333 0.14351851851851852 0.06458333333333333 0.09074074074074075
4 0.5776041666666667 0.09074074074074075 0.04479166666666667 0.06666666666666667
4 0.6458333333333334 0.06851851851851852 0.03125 0.05555555555555556
3 0.49322916666666666 0.09722222222222222 0.12604166666666666 0.15