4 0.4901041666666667 0.12685185185185185 0.040625 0.053703703703703705
4 0.6630208333333333 0.04722222222222222 0.021875 0.03888888888888889
4 0.6375 0.049074074074074076 0.022916666666666665 0.031481481481481485
4 0.7098958333333333 0.05740740740740741 0.026041666666666668 0.040740740740740744
4 0.6302083333333334 0.2888888888888889 0.058333333333333334 0.11111111111111112
4 0.6911458333333333 0.08148148148148149 0.030208333333333334 0.044444444444444446
4 0.7447916666666666 0.11111111111111112 0.03958333333333333 0.04814814814814815
4 0.5375 0.21574074074074076 0.05 0.08703703703703704
3 0.5463541666666667 0.08888888888888889 0.04895833333333333 0.10740740740740741
4 0.5692708333333333 0.08796296296296297 0.021875 0.0462962962962963
4 0.7713541666666667 0.21296296296296297 0.053125 0.07407407407407407
4 0.8322916666666667 0.19074074074074074 0.052083333333333336 0.08888888888888889
4 0.5973958333333333 0.053703703703703705 0.02395833333333333 0.03333333333333333