4 0.3307291666666667 0.21944444444444444 0.046875 0.07592592592592592
4 0.278125 0.5842592592592593 0.11875 0.17962962962962964
4 0.41041666666666665 0.7537037037037038 0.14375 0.25925925925925924
4 0.7135416666666666 0.1537037037037037 0.041666666666666664 0.05555555555555556
4 0.48385416666666664 0.16203703703703703 0.040625 0.06851851851851852
4 0.590625 0.15833333333333333 0.03958333333333333 0.061111111111111116
4 0.490625 0.325 0.05625 0.11296296296296297
5 0.4359375 0.14074074074074075 0.040625 0.08518518518518518
4 0.6807291666666666 0.21944444444444444 0.051041666666666666 0.07962962962962963
4 0.5994791666666667 0.20462962962962963 0.046875 0.07962962962962963
4 0.5109375 0.20833333333333334 0.042708333333333334 0.07962962962962963
4 0.765625 0.34074074074074073 0.07708333333333334 0.11851851851851852
4 0.8135416666666666 0.47222222222222227 0.11875 0.1814814814814815
4 0.4864583333333333 0.10740740740740741 0.029166666666666667 0.040740740740740744
4 0.44895833333333335 0.09814814814814815 0.020833333333333332 0.040740740740740744
4 0.521875 0.08611111111111111 0.022916666666666665 0.04259259259259259
3 0.7885416666666667 0.20555555555555557 0.11458333333333333 0.1814814814814815
3 0.6395833333333333 0.12222222222222223 0.06041666666666667 0.12962962962962962