4 0.684375 0.5648148148148149 0.14166666666666666 0.20740740740740743
3 0.49583333333333335 0.10462962962962963 0.0625 0.20925925925925926
4 0.6109375 0.2777777777777778 0.06354166666666666 0.11111111111111112
4 0.7114583333333333 0.2962962962962963 0.075 0.11481481481481481
5 0.6708333333333333 0.17592592592592593 0.052083333333333336 0.10370370370370371
4 0.5838541666666667 0.14537037037037037 0.03854166666666667 0.06481481481481481
4 0.6979166666666666 0.04537037037037037 0.029166666666666667 0.03888888888888889
4 0.59375 0.10277777777777779 0.0375 0.061111111111111116
4 0.5572916666666666 0.05277777777777778 0.027083333333333334 0.03518518518518519
4 0.8041666666666667 0.15555555555555556 0.058333333333333334 0.07037037037037037
4 0.9791666666666666 0.24166666666666667 0.03958333333333333 0.10185185185185186
3 0.4354166666666667 0.6046296296296296 0.21875 0.7018518518518518