5 0.5953125 0.3842592592592593 0.06145833333333333 0.1574074074074074
4 0.7442708333333333 0.4444444444444445 0.08645833333333333 0.13703703703703704
4 0.8229166666666666 0.24814814814814815 0.052083333333333336 0.06666666666666667
4 0.7744791666666666 0.15092592592592594 0.03229166666666666 0.04259259259259259
4 0.8010416666666667 0.1787037037037037 0.035416666666666666 0.05
4 0.7348958333333333 0.16666666666666669 0.034375 0.04814814814814815
4 0.7338541666666667 0.125 0.028125 0.04259259259259259
4 0.7161458333333334 0.14722222222222223 0.030208333333333334 0.04259259259259259
4 0.8338541666666667 0.2851851851851852 0.06145833333333333 0.08148148148148149
4 0.6494791666666666 0.2537037037037037 0.04479166666666667 0.07777777777777778
4 0.5729166666666666 0.2212962962962963 0.0375 0.06481481481481481
4 0.5963541666666666 0.17500000000000002 0.030208333333333334 0.053703703703703705
4 0.5302083333333333 0.16203703703703703 0.027083333333333334 0.0462962962962963
4 0.5734375 0.14351851851851852 0.02395833333333333 0.03888888888888889
3 0.8598958333333333 0.18425925925925926 0.09895833333333333 0.1388888888888889
3 0.9770833333333333 0.25925925925925924 0.04375 0.23703703703703705