4 0.6489583333333333 0.4898148148148148 0.10416666666666667 0.17592592592592593
4 0.753125 0.04814814814814815 0.027083333333333334 0.044444444444444446
5 0.63125 0.2888888888888889 0.06041666666666667 0.12962962962962962
4 0.775 0.062037037037037036 0.03125 0.04259259259259259
4 0.628125 0.19166666666666668 0.04791666666666666 0.07222222222222223
4 0.8151041666666666 0.05555555555555556 0.036458333333333336 0.044444444444444446
4 0.7140625 0.06481481481481481 0.034375 0.04814814814814815
4 0.5333333333333333 0.09814814814814815 0.03125 0.05555555555555556
5 0.5979166666666667 0.0962962962962963 0.035416666666666666 0.07407407407407407
4 0.7010416666666667 0.1787037037037037 0.05 0.08333333333333334
5 0.8338541666666667 0.11481481481481481 0.053125 0.08518518518518518
4 0.528125 0.22592592592592595 0.058333333333333334 0.08148148148148149
4 0.5744791666666667 0.07222222222222223 0.026041666666666668 0.05185185185185186
4 0.9104166666666667 0.19814814814814816 0.07291666666666667 0.08518518518518518
4 0.6473958333333333 0.0638888888888889 0.034375 0.05740740740740741
3 0.4578125 0.47500000000000003 0.17604166666666665 0.46851851851851856