4 0.471875 0.20462962962962963 0.05416666666666667 0.07962962962962963
4 0.3875 0.9 0.18125 0.1962962962962963
4 0.53125 0.2555555555555556 0.06458333333333333 0.11851851851851852
4 0.56875 0.5370370370370371 0.11458333333333333 0.21481481481481482
4 0.6401041666666667 0.27037037037037037 0.06145833333333333 0.11481481481481481
4 0.5723958333333333 0.1685185185185185 0.046875 0.07407407407407407
4 0.7875 0.08703703703703704 0.03958333333333333 0.05925925925925926
4 0.7526041666666666 0.13240740740740742 0.04895833333333333 0.06851851851851852
4 0.6473958333333333 0.17777777777777778 0.046875 0.08148148148148149
5 0.5927083333333333 0.09907407407407408 0.04375 0.09074074074074075
5 0.8213541666666666 0.11944444444444445 0.053125 0.09074074074074075
4 0.44375 0.17962962962962964 0.07708333333333334 0.07037037037037037
4 0.8416666666666667 0.2111111111111111 0.06666666666666667 0.08518518518518518
4 0.8359375 0.33333333333333337 0.09479166666666666 0.12962962962962962
3 0.4895833333333333 0.09814814814814815 0.12708333333333333 0.15925925925925927