4 0.4734375 0.2 0.053125 0.08148148148148149
4 0.4348958333333333 0.5666666666666667 0.13020833333333334 0.26666666666666666
4 0.59375 0.7111111111111111 0.13958333333333334 0.3111111111111111
4 0.5364583333333334 0.312962962962963 0.06875 0.11851851851851852
4 0.6390625 0.39814814814814814 0.08020833333333333 0.15555555555555556
5 0.5703125 0.16481481481481483 0.057291666666666664 0.12962962962962962
4 0.45208333333333334 0.1712962962962963 0.07916666666666666 0.06851851851851852
4 0.7661458333333333 0.07777777777777778 0.036458333333333336 0.05925925925925926
4 0.740625 0.11574074074074074 0.04583333333333333 0.07222222222222223
4 0.8375 0.1175925925925926 0.05 0.07222222222222223
4 0.6020833333333333 0.12407407407407407 0.0375 0.05925925925925926
4 0.9020833333333333 0.22685185185185186 0.07708333333333334 0.09814814814814815
3 0.4921875 0.09722222222222222 0.128125 0.15