5 0.29583333333333334 0.7351851851851852 0.18541666666666667 0.3888888888888889
4 0.4864583333333333 0.20092592592592592 0.06458333333333333 0.07222222222222223
4 0.71875 0.07592592592592592 0.03333333333333333 0.05555555555555556
4 0.5828125 0.2064814814814815 0.053125 0.08703703703703704
4 0.5854166666666667 0.14722222222222223 0.03958333333333333 0.061111111111111116
4 0.66875 0.3111111111111111 0.06666666666666667 0.11111111111111112
4 0.7432291666666666 0.12962962962962962 0.042708333333333334 0.05925925925925926
4 0.6489583333333333 0.14074074074074075 0.03958333333333333 0.06296296296296297
4 0.8848958333333333 0.21481481481481482 0.06770833333333333 0.08888888888888889
4 0.5890625 0.10740740740740741 0.034375 0.05555555555555556
4 0.6369791666666667 0.09537037037037037 0.034375 0.061111111111111116
4 0.9557291666666666 0.29444444444444445 0.08645833333333333 0.11481481481481481
3 0.4864583333333333 0.12314814814814816 0.125 0.16111111111111112