4 0.6364583333333333 0.4222222222222222 0.09583333333333333 0.16666666666666669
5 0.6125 0.2611111111111111 0.052083333333333336 0.13333333333333333
4 0.7046875 0.24814814814814815 0.06770833333333333 0.1
4 0.6135416666666667 0.1537037037037037 0.03958333333333333 0.07407407407407407
4 0.8161458333333333 0.058333333333333334 0.03854166666666667 0.0462962962962963
4 0.7697916666666667 0.0638888888888889 0.035416666666666666 0.0462962962962963
4 0.7807291666666667 0.08888888888888889 0.040625 0.05555555555555556
4 0.778125 0.13425925925925927 0.04375 0.07222222222222223
4 0.5192708333333333 0.24629629629629632 0.06145833333333333 0.1
4 0.8645833333333334 0.1638888888888889 0.06041666666666667 0.07222222222222223
4 0.65 0.08703703703703704 0.03333333333333333 0.05555555555555556
4 0.5932291666666667 0.06018518518518519 0.028125 0.0462962962962963
4 0.9442708333333333 0.2101851851851852 0.06979166666666667 0.10185185185185186
4 0.8937499999999999 0.30185185185185187 0.08541666666666667 0.12222222222222223
4 0.9635416666666666 0.16203703703703703 0.07083333333333333 0.08333333333333334
3 0.5411458333333333 0.0638888888888889 0.04895833333333333 0.1277777777777778