4 0.46979166666666666 0.2138888888888889 0.05416666666666667 0.07592592592592592
4 0.5744791666666667 0.20092592592592592 0.046875 0.07962962962962963
5 0.5223958333333333 0.35370370370370374 0.06770833333333333 0.17037037037037037
4 0.7109375 0.06666666666666667 0.034375 0.05185185185185186
4 0.6546875 0.26203703703703707 0.059375 0.10185185185185186
4 0.7807291666666667 0.09444444444444444 0.03854166666666667 0.05555555555555556
4 0.7484375 0.14074074074074075 0.042708333333333334 0.06666666666666667
4 0.5770833333333333 0.125 0.0375 0.06851851851851852
4 0.6494791666666666 0.13240740740740742 0.03854166666666667 0.06481481481481481
4 0.8244791666666667 0.16203703703703703 0.053125 0.07222222222222223
4 0.65 0.08888888888888889 0.03333333333333333 0.05185185185185186
4 0.6010416666666667 0.09074074074074075 0.03125 0.05185185185185186
3 0.48802083333333335 0.11481481481481481 0.12604166666666666 0.15555555555555556