4 0.75 0.062037037037037036 0.03125 0.04259259259259259
4 0.5869791666666666 0.2574074074074074 0.059375 0.0962962962962963
4 0.6052083333333333 0.16203703703703703 0.04375 0.07222222222222223
4 0.7161458333333334 0.27870370370370373 0.07395833333333333 0.11296296296296297
4 0.7776041666666667 0.10277777777777779 0.040625 0.05740740740740741
4 0.5411458333333333 0.1462962962962963 0.036458333333333336 0.06666666666666667
5 0.5963541666666666 0.10648148148148148 0.036458333333333336 0.06481481481481481
4 0.6703125 0.14166666666666666 0.046875 0.06851851851851852
4 0.8390624999999999 0.14444444444444446 0.046875 0.07037037037037037
4 0.5286458333333334 0.10648148148148148 0.034375 0.05
4 0.6411458333333333 0.09444444444444444 0.03854166666666667 0.06296296296296297
4 0.5546875 0.07037037037037037 0.034375 0.05555555555555556
5 0.6395833333333333 0.05740740740740741 0.027083333333333334 0.044444444444444446
4 0.9406249999999999 0.25462962962962965 0.08541666666666667 0.10555555555555556
3 0.4552083333333333 0.5861111111111111 0.21458333333333332 0.6722222222222223