4 0.4635416666666667 0.18611111111111112 0.05625 0.07962962962962963
5 0.6927083333333334 0.7981481481481482 0.175 0.4
4 0.6552083333333333 0.4935185185185185 0.09791666666666667 0.17962962962962964
4 0.5416666666666666 0.18796296296296297 0.05 0.08333333333333334
4 0.765625 0.036111111111111115 0.029166666666666667 0.0462962962962963
4 0.7609375 0.3768518518518519 0.10729166666666666 0.16481481481481483
4 0.5625 0.13796296296296298 0.03333333333333333 0.061111111111111116
4 0.6489583333333333 0.14814814814814814 0.04583333333333333 0.07037037037037037
4 0.6859375 0.21944444444444444 0.057291666666666664 0.09444444444444444
4 0.7901041666666666 0.10277777777777779 0.040625 0.061111111111111116
4 0.5515625 0.0712962962962963 0.030208333333333334 0.0462962962962963
3 0.4536458333333333 0.4777777777777778 0.17395833333333333 0.4703703703703704