4 0.5265625 0.38333333333333336 0.084375 0.14074074074074075
4 0.6588541666666666 0.24814814814814815 0.05520833333333333 0.1
4 0.5635416666666666 0.22592592592592595 0.05416666666666667 0.08148148148148149
4 0.47291666666666665 0.22222222222222224 0.05416666666666667 0.07407407407407407
4 0.6427083333333333 0.16296296296296298 0.04583333333333333 0.0925925925925926
4 0.5838541666666667 0.14907407407407408 0.040625 0.07222222222222223
4 0.6390625 0.07314814814814816 0.028125 0.0462962962962963
4 0.5989583333333334 0.07962962962962963 0.027083333333333334 0.044444444444444446
4 0.9057291666666667 0.4861111111111111 0.121875 0.17222222222222222
4 0.95 0.3712962962962963 0.09791666666666667 0.13518518518518519
4 0.9614583333333333 0.2388888888888889 0.075 0.1
4 0.8598958333333333 0.16018518518518518 0.06145833333333333 0.07592592592592592
4 0.8661458333333333 0.11574074074074074 0.04895833333333333 0.061111111111111116
3 0.48854166666666665 0.11851851851851852 0.12708333333333333 0.14444444444444446