4 0.6942708333333333 0.04351851851851852 0.021875 0.02777777777777778
4 0.7072916666666667 0.05462962962962963 0.020833333333333332 0.02777777777777778
4 0.23802083333333332 0.39166666666666666 0.09479166666666666 0.12037037037037038
4 0.7348958333333333 0.02314814814814815 0.021875 0.02777777777777778
4 0.7244791666666667 0.03518518518518519 0.021875 0.037037037037037035
4 0.7385416666666667 0.07685185185185185 0.029166666666666667 0.0462962962962963
4 0.7489583333333333 0.05462962962962963 0.020833333333333332 0.03518518518518519
4 0.37083333333333335 0.26481481481481484 0.07708333333333334 0.08148148148148149
4 0.7322916666666667 0.09166666666666667 0.029166666666666667 0.04259259259259259
4 0.7817708333333333 0.08055555555555556 0.028125 0.04259259259259259
4 0.7661458333333333 0.10648148148148148 0.03229166666666666 0.0462962962962963
5 0.690625 0.08703703703703704 0.03125 0.05185185185185186
4 0.746875 0.4990740740740741 0.1 0.1685185185185185
4 0.8182291666666667 0.10370370370370371 0.036458333333333336 0.05185185185185186
4 0.6208333333333333 0.09074074074074075 0.027083333333333334 0.044444444444444446
4 0.5947916666666666 0.0712962962962963 0.022916666666666665 0.03888888888888889
4 0.8046875 0.1564814814814815 0.04479166666666667 0.05740740740740741
4 0.8822916666666667 0.17685185185185187 0.05416666666666667 0.061111111111111116
4 0.9005208333333333 0.225 0.065625 0.07592592592592592
4 0.9291666666666667 0.14814814814814814 0.075 0.07037037037037037
4 0.584375 0.03796296296296296 0.01875 0.031481481481481485
4 0.6067708333333334 0.024074074074074074 0.019791666666666666 0.02962962962962963
3 0.553125 0.11111111111111112 0.04791666666666666 0.12962962962962962