4 0.6739583333333333 0.500925925925926 0.10833333333333334 0.19444444444444445
4 0.6125 0.36388888888888893 0.0875 0.1388888888888889
5 0.63125 0.24814814814814815 0.06666666666666667 0.14444444444444446
4 0.5708333333333333 0.22314814814814815 0.05625 0.09074074074074075
4 0.9093749999999999 0.6981481481481482 0.17916666666666667 0.3703703703703704
4 0.6145833333333334 0.16018518518518518 0.04791666666666666 0.07222222222222223
5 0.734375 0.23981481481481481 0.06875 0.1388888888888889
4 0.6885416666666666 0.15925925925925927 0.05 0.08518518518518518
4 0.8177083333333334 0.04351851851851852 0.035416666666666666 0.05
4 0.7776041666666667 0.06666666666666667 0.040625 0.05185185185185186
4 0.6739583333333333 0.11666666666666667 0.04375 0.05925925925925926
4 0.5994791666666667 0.0787037037037037 0.034375 0.053703703703703705
4 0.8583333333333333 0.13333333333333333 0.05416666666666667 0.07037037037037037
4 0.8807291666666667 0.23055555555555557 0.08020833333333333 0.11666666666666667
4 0.9359375 0.18796296296296297 0.057291666666666664 0.08703703703703704
4 0.6432291666666666 0.03888888888888889 0.028125 0.04814814814814815
5 0.5739583333333333 0.03518518518518519 0.027083333333333334 0.05185185185185186
3 0.4578125 0.5824074074074075 0.21979166666666666 0.7018518518518518