4 0.33229166666666665 0.225 0.05 0.06851851851851852
4 0.39166666666666666 0.312962962962963 0.0625 0.0962962962962963
4 0.49114583333333334 0.29814814814814816 0.06145833333333333 0.1
4 0.6166666666666667 0.11574074074074074 0.0125 0.03888888888888889
4 0.7328125 0.20740740740740743 0.04479166666666667 0.07037037037037037
4 0.48541666666666666 0.125 0.03333333333333333 0.053703703703703705
4 0.6078125 0.21851851851851853 0.04895833333333333 0.07407407407407407
4 0.5083333333333333 0.18981481481481483 0.0375 0.07222222222222223
5 0.4614583333333333 0.10925925925925926 0.03333333333333333 0.05555555555555556
4 0.7166666666666667 0.2972222222222222 0.07291666666666667 0.10555555555555556
4 0.621875 0.2962962962962963 0.07291666666666667 0.10370370370370371
4 0.5239583333333333 0.13425925925925927 0.029166666666666667 0.053703703703703705
4 0.8151041666666666 0.47685185185185186 0.11354166666666667 0.1574074074074074
4 0.9244791666666666 0.7907407407407407 0.10520833333333333 0.2777777777777778
3 0.8416666666666667 0.26666666666666666 0.15416666666666667 0.23333333333333334
3 0.6536458333333334 0.14351851851851852 0.071875 0.15