5 0.6145833333333334 0.500925925925926 0.07708333333333334 0.20555555555555557
4 0.8557291666666667 0.6981481481481482 0.146875 0.24444444444444446
4 0.8135416666666666 0.22685185185185186 0.04583333333333333 0.053703703703703705
4 0.7614583333333333 0.13703703703703704 0.03125 0.044444444444444446
4 0.784375 0.16111111111111112 0.0375 0.04814814814814815
4 0.7296875 0.1527777777777778 0.030208333333333334 0.04259259259259259
4 0.7098958333333333 0.13703703703703704 0.028125 0.040740740740740744
4 0.8203125 0.2638888888888889 0.057291666666666664 0.07222222222222223
4 0.6765625 0.30648148148148147 0.05520833333333333 0.09074074074074075
4 0.578125 0.25277777777777777 0.041666666666666664 0.07592592592592592
4 0.5942708333333333 0.19722222222222224 0.036458333333333336 0.061111111111111116
4 0.528125 0.1814814814814815 0.029166666666666667 0.05185185185185186
4 0.5734375 0.1564814814814815 0.026041666666666668 0.0462962962962963
4 0.5677083333333334 0.13611111111111113 0.025 0.03888888888888889
3 0.8380208333333333 0.1685185185185185 0.08645833333333333 0.13703703703703704
3 0.9546875 0.24537037037037038 0.08854166666666667 0.2425925925925926