4 0.69375 0.03981481481481482 0.020833333333333332 0.02777777777777778
4 0.7072916666666667 0.05185185185185186 0.020833333333333332 0.02962962962962963
4 0.2328125 0.39722222222222225 0.096875 0.12407407407407407
4 0.7359375 0.021296296296296296 0.021875 0.02777777777777778
4 0.7239583333333334 0.02962962962962963 0.020833333333333332 0.03333333333333333
4 0.7369791666666666 0.07037037037037037 0.028125 0.040740740740740744
4 0.746875 0.05 0.020833333333333332 0.037037037037037035
4 0.36614583333333334 0.2657407407407408 0.07604166666666666 0.08333333333333334
4 0.7322916666666667 0.08796296296296297 0.029166666666666667 0.04259259259259259
4 0.7807291666666667 0.07685185185185185 0.028125 0.04259259259259259
4 0.7671875 0.10277777777777779 0.03229166666666666 0.05
5 0.6901041666666666 0.08333333333333334 0.030208333333333334 0.05185185185185186
4 0.7604166666666666 0.549074074074074 0.11041666666666666 0.18703703703703706
4 0.8166666666666667 0.1 0.0375 0.05555555555555556
4 0.6234375 0.09166666666666667 0.028125 0.0462962962962963
4 0.5958333333333333 0.07222222222222223 0.022916666666666665 0.040740740740740744
4 0.8026041666666667 0.15092592592592594 0.04479166666666667 0.05740740740740741
4 0.8781249999999999 0.16944444444444445 0.052083333333333336 0.061111111111111116
4 0.8921875 0.21574074074074076 0.06354166666666666 0.07592592592592592
4 0.9249999999999999 0.1425925925925926 0.075 0.07037037037037037
4 0.5848958333333333 0.03518518518518519 0.019791666666666666 0.02962962962962963
4 0.6088541666666667 0.018518518518518517 0.019791666666666666 0.037037037037037035
3 0.5520833333333334 0.11111111111111112 0.04791666666666666 0.13333333333333333