5 0.6796875 0.01388888888888889 0.015625 0.02777777777777778
4 0.6645833333333333 0.01388888888888889 0.016666666666666666 0.02777777777777778
4 0.721875 0.02314814814814815 0.022916666666666665 0.0462962962962963
4 0.6755208333333333 0.04351851851851852 0.02395833333333333 0.03518518518518519
4 0.6973958333333333 0.03425925925925926 0.021875 0.03888888888888889
4 0.7296875 0.07407407407407407 0.03229166666666666 0.04814814814814815
4 0.7963541666666667 0.11666666666666667 0.042708333333333334 0.05555555555555556
4 0.7848958333333333 0.14351851851851852 0.046875 0.07222222222222223
4 0.56875 0.04259259259259259 0.022916666666666665 0.037037037037037035
4 0.5989583333333334 0.016666666666666666 0.020833333333333332 0.03333333333333333
4 0.9692708333333333 0.1388888888888889 0.059375 0.05925925925925926
3 0.4036458333333333 0.6166666666666667 0.25729166666666664 0.762962962962963