5 0.6802083333333333 0.018518518518518517 0.01875 0.037037037037037035
4 0.6640625 0.016666666666666666 0.019791666666666666 0.03333333333333333
4 0.7255208333333333 0.03796296296296296 0.02395833333333333 0.03518518518518519
4 0.6729166666666666 0.05462962962962963 0.025 0.03888888888888889
4 0.7010416666666667 0.049074074074074076 0.025 0.03888888888888889
4 0.7380208333333333 0.0925925925925926 0.034375 0.04814814814814815
4 0.8177083333333334 0.14722222222222223 0.05 0.061111111111111116
4 0.80625 0.17777777777777778 0.052083333333333336 0.07777777777777778
4 0.5661458333333333 0.03888888888888889 0.019791666666666666 0.037037037037037035
4 0.5911458333333334 0.015740740740740743 0.019791666666666666 0.031481481481481485
3 0.40989583333333335 0.6027777777777777 0.234375 0.7314814814814815