4 0.6526041666666667 0.46111111111111114 0.09895833333333333 0.16296296296296298
4 0.615625 0.22222222222222224 0.052083333333333336 0.0925925925925926
4 0.8536458333333333 0.6203703703703703 0.153125 0.24074074074074076
4 0.7520833333333333 0.062037037037037036 0.03333333333333333 0.053703703703703705
4 0.5510416666666667 0.19907407407407407 0.04791666666666666 0.07962962962962963
5 0.6078125 0.14814814814814814 0.03854166666666667 0.07777777777777778
4 0.7125 0.23981481481481481 0.06666666666666667 0.09444444444444444
4 0.809375 0.08240740740740742 0.035416666666666666 0.05740740740740741
4 0.5369791666666667 0.1388888888888889 0.040625 0.06296296296296297
4 0.6791666666666667 0.1564814814814815 0.052083333333333336 0.08333333333333334
4 0.5791666666666666 0.10462962962962963 0.03958333333333333 0.06481481481481481
5 0.6552083333333333 0.09444444444444444 0.035416666666666666 0.07037037037037037
4 0.8348958333333333 0.14166666666666666 0.053125 0.07222222222222223
4 0.61875 0.07222222222222223 0.029166666666666667 0.05555555555555556
4 0.91875 0.14537037037037037 0.058333333333333334 0.07222222222222223
4 0.93125 0.25092592592592594 0.08125 0.09444444444444444
4 0.6348958333333333 0.05 0.02395833333333333 0.040740740740740744
3 0.45729166666666665 0.5824074074074075 0.21458333333333332 0.6759259259259259