4 0.4635416666666667 0.19166666666666668 0.05625 0.07962962962962963
5 0.6822916666666666 0.6398148148148148 0.14375 0.3388888888888889
4 0.6421875 0.40925925925925927 0.08854166666666667 0.13703703703703704
4 0.5453125 0.17685185185185187 0.042708333333333334 0.07592592592592592
4 0.7734375 0.05 0.030208333333333334 0.04814814814814815
4 0.7208333333333333 0.2972222222222222 0.0875 0.13148148148148148
4 0.5651041666666666 0.13333333333333333 0.03229166666666666 0.06296296296296297
4 0.6375 0.1277777777777778 0.03958333333333333 0.06296296296296297
4 0.6723958333333333 0.17685185185185187 0.04895833333333333 0.08333333333333334
4 0.80625 0.13425925925925927 0.04583333333333333 0.06851851851851852
4 0.553125 0.06574074074074074 0.027083333333333334 0.0462962962962963
3 0.4552083333333333 0.48055555555555557 0.17916666666666667 0.4759259259259259