5 0.759375 0.837037037037037 0.19375 0.32222222222222224
4 0.6515625 0.5666666666666667 0.11354166666666667 0.21481481481481482
4 0.6473958333333333 0.3453703703703704 0.090625 0.1685185185185185
4 0.8140625 0.44722222222222224 0.121875 0.17222222222222222
4 0.609375 0.18888888888888888 0.052083333333333336 0.08518518518518518
4 0.7755208333333333 0.05185185185185186 0.034375 0.05555555555555556
4 0.8088541666666667 0.037037037037037035 0.028125 0.044444444444444446
4 0.709375 0.19444444444444445 0.05625 0.08888888888888889
5 0.5890625 0.12222222222222223 0.036458333333333336 0.08888888888888889
4 0.8328125 0.07777777777777778 0.040625 0.05555555555555556
4 0.6197916666666666 0.09722222222222222 0.0375 0.061111111111111116
4 0.7958333333333333 0.11296296296296297 0.04583333333333333 0.07037037037037037
4 0.6015625 0.053703703703703705 0.030208333333333334 0.04814814814814815
4 0.9348958333333334 0.1425925925925926 0.06145833333333333 0.06296296296296297
4 0.9453125 0.20833333333333334 0.08020833333333333 0.09444444444444444
4 0.9416666666666667 0.2953703703703704 0.0875 0.12037037037037038
3 0.384375 0.7796296296296297 0.36041666666666666 0.40370370370370373