4 0.46979166666666666 0.1851851851851852 0.058333333333333334 0.07777777777777778
5 0.640625 0.412962962962963 0.10208333333333333 0.21481481481481482
4 0.66875 0.8277777777777778 0.14166666666666666 0.3037037037037037
4 0.6151041666666667 0.2962962962962963 0.065625 0.10740740740740741
4 0.9317708333333333 0.7972222222222223 0.134375 0.3574074074074074
4 0.5453125 0.1462962962962963 0.03854166666666667 0.06666666666666667
4 0.7932291666666667 0.07592592592592592 0.036458333333333336 0.05555555555555556
4 0.6598958333333333 0.18425925925925926 0.06145833333333333 0.09814814814814815
4 0.565625 0.10277777777777779 0.03125 0.053703703703703705
4 0.6104166666666666 0.08425925925925926 0.03125 0.05
4 0.6505208333333333 0.10092592592592593 0.036458333333333336 0.05740740740740741
4 0.8854166666666666 0.23611111111111113 0.07083333333333333 0.09814814814814815
3 0.45468749999999997 0.47500000000000003 0.18020833333333333 0.46481481481481485