4 0.7369791666666666 0.03518518518518519 0.030208333333333334 0.040740740740740744
4 0.8786458333333333 0.6268518518518519 0.153125 0.2351851851851852
4 0.640625 0.325 0.07291666666666667 0.12407407407407407
4 0.7635416666666667 0.05092592592592593 0.03333333333333333 0.0462962962962963
4 0.6036458333333333 0.21851851851851853 0.051041666666666666 0.08888888888888889
4 0.7609375 0.35000000000000003 0.08020833333333333 0.12962962962962962
4 0.6989583333333333 0.02962962962962963 0.025 0.037037037037037035
4 0.8229166666666666 0.06481481481481481 0.035416666666666666 0.04814814814814815
4 0.7984375 0.09074074074074075 0.040625 0.05185185185185186
5 0.609375 0.1425925925925926 0.0375 0.07407407407407407
4 0.8317708333333333 0.11944444444444445 0.042708333333333334 0.061111111111111116
4 0.603125 0.0925925925925926 0.03125 0.044444444444444446
4 0.9098958333333333 0.14351851851851852 0.05520833333333333 0.06851851851851852
4 0.8203125 0.19074074074074074 0.06145833333333333 0.08518518518518518
4 0.540625 0.05277777777777778 0.027083333333333334 0.0462962962962963
5 0.5901041666666667 0.04722222222222222 0.028125 0.05740740740740741
4 0.6427083333333333 0.05277777777777778 0.029166666666666667 0.0462962962962963
5 0.9666666666666667 0.24814814814814815 0.06458333333333333 0.12962962962962962
4 0.4666666666666667 0.1824074074074074 0.0875 0.06851851851851852
3 0.4817708333333333 0.3592592592592593 0.13854166666666667 0.3592592592592593