4 0.6098958333333333 0.08148148148148149 0.02395833333333333 0.040740740740740744
4 0.5963541666666666 0.10370370370370371 0.026041666666666668 0.040740740740740744
5 0.44166666666666665 0.23055555555555557 0.05 0.10555555555555556
4 0.6291666666666667 0.30648148148148147 0.0625 0.09814814814814815
4 0.6833333333333333 0.5722222222222223 0.11458333333333333 0.17407407407407408
4 0.4427083333333333 0.11296296296296297 0.01875 0.040740740740740744
4 0.4901041666666667 0.08425925925925926 0.021875 0.03518518518518519
4 0.5265625 0.06296296296296297 0.019791666666666666 0.03333333333333333
3 0.934375 0.4416666666666667 0.12916666666666665 0.37592592592592594
3 0.8515625 0.487962962962963 0.24895833333333334 0.5018518518518519
3 0.39947916666666666 0.16203703703703703 0.06770833333333333 0.1425925925925926