4 0.6338541666666666 0.40555555555555556 0.08020833333333333 0.14814814814814814
4 0.7619791666666667 0.7351851851851852 0.18020833333333333 0.2851851851851852
4 0.7671875 0.06296296296296297 0.036458333333333336 0.044444444444444446
4 0.7296875 0.2814814814814815 0.07395833333333333 0.11111111111111112
4 0.6182291666666666 0.1787037037037037 0.04895833333333333 0.07962962962962963
4 0.8015625 0.08240740740740742 0.040625 0.05740740740740741
4 0.7067708333333333 0.04722222222222222 0.028125 0.0462962962962963
4 0.7984375 0.03518518518518519 0.03229166666666666 0.040740740740740744
4 0.6010416666666667 0.11944444444444445 0.0375 0.061111111111111116
4 0.6854166666666667 0.15185185185185185 0.04583333333333333 0.07037037037037037
4 0.740625 0.0962962962962963 0.03958333333333333 0.05555555555555556
4 0.884375 0.11111111111111112 0.04583333333333333 0.05555555555555556
4 0.88125 0.1685185185185185 0.06041666666666667 0.07407407407407407
5 0.5963541666666666 0.07314814814814816 0.026041666666666668 0.05
4 0.91875 0.22870370370370371 0.0625 0.08703703703703704
4 0.5932291666666667 0.04722222222222222 0.019791666666666666 0.03518518518518519
3 0.5182291666666666 0.20555555555555557 0.09270833333333334 0.21851851851851853