4 0.6958333333333333 0.05185185185185186 0.020833333333333332 0.037037037037037035
4 0.7072916666666667 0.06018518518518519 0.022916666666666665 0.03888888888888889
4 0.3776041666666667 0.2537037037037037 0.08645833333333333 0.08518518518518518
4 0.7322916666666667 0.07037037037037037 0.027083333333333334 0.03333333333333333
4 0.7479166666666667 0.044444444444444446 0.020833333333333332 0.022222222222222223
4 0.7260416666666667 0.036111111111111115 0.016666666666666666 0.024074074074074074
4 0.7619791666666667 0.025 0.021875 0.02777777777777778
4 0.7697916666666667 0.06759259259259259 0.027083333333333334 0.053703703703703705
4 0.7557291666666667 0.0925925925925926 0.02395833333333333 0.04814814814814815
4 0.7614583333333333 0.07592592592592592 0.020833333333333332 0.037037037037037035
4 0.6020833333333333 0.3425925925925926 0.06041666666666667 0.11851851851851852
4 0.5401041666666666 0.16111111111111112 0.03229166666666666 0.05925925925925926
4 0.7046875 0.3027777777777778 0.06354166666666666 0.10185185185185186
4 0.7317708333333334 0.10555555555555556 0.028125 0.040740740740740744
4 0.7916666666666666 0.10462962962962963 0.029166666666666667 0.024074074074074074
4 0.653125 0.17962962962962964 0.04375 0.07407407407407407
4 0.7953125 0.14166666666666666 0.040625 0.061111111111111116
5 0.7401041666666667 0.1425925925925926 0.042708333333333334 0.07037037037037037
4 0.6244791666666667 0.09907407407407408 0.026041666666666668 0.04259259259259259
4 0.8802083333333334 0.22592592592592595 0.06875 0.0962962962962963
4 0.571875 0.022222222222222223 0.016666666666666666 0.02592592592592593
4 0.5963541666666666 0.016666666666666666 0.015625 0.03333333333333333
3 0.540625 0.04722222222222222 0.03125 0.07592592592592592