4 0.6630208333333333 0.8175925925925926 0.146875 0.3092592592592593
4 0.74375 0.0462962962962963 0.03125 0.044444444444444446
4 0.8208333333333333 0.48888888888888893 0.11875 0.1814814814814815
4 0.6338541666666666 0.275 0.06354166666666666 0.10555555555555556
4 0.7729166666666667 0.0638888888888889 0.035416666666666666 0.05
4 0.6026041666666666 0.18703703703703706 0.046875 0.07777777777777778
4 0.734375 0.2777777777777778 0.06875 0.11111111111111112
4 0.7015625 0.04166666666666667 0.026041666666666668 0.03888888888888889
4 0.8385416666666666 0.07685185185185185 0.0375 0.0462962962962963
4 0.8140625 0.10925925925925926 0.04479166666666667 0.05555555555555556
5 0.6036458333333333 0.12222222222222223 0.03229166666666666 0.06666666666666667
4 0.8520833333333333 0.14351851851851852 0.05 0.061111111111111116
4 0.6005208333333333 0.07962962962962963 0.028125 0.040740740740740744
4 0.9328124999999999 0.17777777777777778 0.059375 0.07777777777777778
4 0.8609375 0.25277777777777777 0.071875 0.10925925925925926
4 0.5427083333333333 0.04722222222222222 0.022916666666666665 0.04259259259259259
5 0.5880208333333333 0.040740740740740744 0.026041666666666668 0.05555555555555556
4 0.634375 0.03981481481481482 0.027083333333333334 0.0462962962962963
3 0.4895833333333333 0.31203703703703706 0.12708333333333333 0.312962962962963