4 0.509375 0.5592592592592592 0.09791666666666667 0.1814814814814815
4 0.3265625 0.6675925925925926 0.128125 0.20555555555555557
4 0.5463541666666667 0.362962962962963 0.06354166666666666 0.10370370370370371
4 0.6473958333333333 0.43703703703703706 0.071875 0.13333333333333333
4 0.5598958333333334 0.25462962962962965 0.053125 0.07962962962962963
4 0.8489583333333334 0.25277777777777777 0.06041666666666667 0.07962962962962963
4 0.5901041666666667 0.19351851851851853 0.03854166666666667 0.05740740740740741
4 0.6489583333333333 0.22222222222222224 0.03958333333333333 0.07037037037037037
4 0.59375 0.16018518518518518 0.03125 0.05
4 0.6520833333333333 0.14722222222222223 0.03333333333333333 0.05740740740740741
3 0.4895833333333333 0.17962962962962964 0.125 0.15555555555555556