4 0.5770833333333333 0.2962962962962963 0.07916666666666666 0.11481481481481481
5 0.7125 0.8 0.19583333333333333 0.362962962962963
4 0.6286458333333333 0.5148148148148148 0.103125 0.20370370370370372
4 0.9072916666666666 0.7277777777777779 0.18333333333333332 0.35555555555555557
3 0.5015625 0.08425925925925926 0.057291666666666664 0.1685185185185185
4 0.5848958333333333 0.16111111111111112 0.040625 0.07037037037037037
4 0.7208333333333333 0.30462962962962964 0.08333333333333333 0.1277777777777778
4 0.6447916666666667 0.15092592592592594 0.04583333333333333 0.06481481481481481
5 0.63125 0.09537037037037037 0.04375 0.07222222222222223
4 0.5671875 0.07592592592592592 0.028125 0.044444444444444446
4 0.7703125 0.125 0.04895833333333333 0.06481481481481481
4 0.5822916666666667 0.0462962962962963 0.027083333333333334 0.037037037037037035
3 0.44687499999999997 0.4703703703703704 0.17916666666666667 0.5185185185185185