4 0.4708333333333333 0.20833333333333334 0.05416666666666667 0.08333333333333334
4 0.45260416666666664 0.7083333333333334 0.14270833333333333 0.2796296296296296
4 0.54375 0.22592592592592595 0.058333333333333334 0.10740740740740741
4 0.5994791666666667 0.41944444444444445 0.09270833333333334 0.16481481481481483
4 0.6427083333333333 0.22314814814814815 0.05625 0.09444444444444444
4 0.5776041666666667 0.1537037037037037 0.04479166666666667 0.07037037037037037
4 0.8052083333333333 0.11574074074074074 0.04791666666666666 0.06481481481481481
4 0.76875 0.1675925925925926 0.05416666666666667 0.07592592592592592
4 0.6489583333333333 0.15092592592592594 0.041666666666666664 0.07222222222222223
5 0.59375 0.08981481481481482 0.041666666666666664 0.08703703703703704
5 0.8473958333333333 0.1537037037037037 0.06145833333333333 0.10370370370370371
4 0.43697916666666664 0.1824074074074074 0.078125 0.07222222222222223
4 0.8786458333333333 0.2777777777777778 0.078125 0.10370370370370371
4 0.8958333333333334 0.4666666666666667 0.12708333333333333 0.17407407407407408
3 0.4921875 0.10370370370370371 0.128125 0.15925925925925927