4 0.6395833333333333 0.5351851851851852 0.1 0.18888888888888888
4 0.75625 0.05740740740740741 0.03333333333333333 0.040740740740740744
4 0.7630208333333334 0.3564814814814815 0.08854166666666667 0.1388888888888889
4 0.6244791666666667 0.21944444444444444 0.05520833333333333 0.09074074074074075
4 0.7869791666666667 0.07592592592592592 0.03854166666666667 0.05185185185185186
4 0.7005208333333334 0.03333333333333333 0.02395833333333333 0.040740740740740744
4 0.7828125 0.028703703703703703 0.028125 0.03888888888888889
4 0.6020833333333333 0.14814814814814814 0.03958333333333333 0.06666666666666667
4 0.7041666666666666 0.2 0.052083333333333336 0.08148148148148149
4 0.7177083333333333 0.06851851851851852 0.03125 0.040740740740740744
4 0.8624999999999999 0.0962962962962963 0.04375 0.05185185185185186
4 0.8453125 0.14074074074074075 0.051041666666666666 0.06666666666666667
5 0.5989583333333334 0.09537037037037037 0.029166666666666667 0.053703703703703705
4 0.8885416666666667 0.18703703703703706 0.05416666666666667 0.07037037037037037
4 0.5963541666666666 0.06296296296296297 0.026041666666666668 0.037037037037037035
4 0.965625 0.2425925925925926 0.06666666666666667 0.0925925925925926
4 0.9505208333333334 0.38333333333333336 0.096875 0.13703703703703704
3 0.5052083333333334 0.25277777777777777 0.10208333333333333 0.2611111111111111