4 0.46822916666666664 0.20925925925925926 0.053125 0.08148148148148149
4 0.5692708333333333 0.21666666666666667 0.04895833333333333 0.08518518518518518
5 0.50625 0.41944444444444445 0.08125 0.20555555555555557
4 0.6552083333333333 0.3101851851851852 0.06666666666666667 0.11666666666666667
4 0.7692708333333333 0.07222222222222223 0.036458333333333336 0.05185185185185186
4 0.7375 0.11666666666666667 0.041666666666666664 0.06296296296296297
4 0.571875 0.1287037037037037 0.04375 0.07222222222222223
4 0.646875 0.14166666666666666 0.041666666666666664 0.07222222222222223
4 0.809375 0.13055555555555556 0.04791666666666666 0.06481481481481481
4 0.6473958333333333 0.09537037037037037 0.036458333333333336 0.061111111111111116
4 0.5979166666666667 0.09444444444444444 0.03333333333333333 0.05925925925925926
3 0.48802083333333335 0.10925925925925926 0.12395833333333334 0.15185185185185185