4 0.646875 0.6398148148148148 0.11875 0.2388888888888889
4 0.75 0.04537037037037037 0.03333333333333333 0.03888888888888889
4 0.7890625 0.40925925925925927 0.10104166666666667 0.15185185185185185
4 0.6291666666666667 0.24074074074074076 0.058333333333333334 0.1
4 0.7802083333333333 0.0638888888888889 0.035416666666666666 0.05
4 0.6020833333333333 0.16111111111111112 0.04375 0.07037037037037037
4 0.7171875 0.23425925925925928 0.057291666666666664 0.10185185185185186
4 0.7088541666666667 0.049074074074074076 0.028125 0.04259259259259259
4 0.8515625 0.0787037037037037 0.040625 0.05
4 0.8270833333333333 0.11944444444444445 0.04791666666666666 0.061111111111111116
5 0.6 0.10277777777777779 0.03125 0.061111111111111116
4 0.8703124999999999 0.1574074074074074 0.053125 0.07037037037037037
4 0.5979166666666667 0.06481481481481481 0.025 0.037037037037037035
4 0.95 0.20185185185185187 0.0625 0.08148148148148149
4 0.9 0.30092592592592593 0.0875 0.12037037037037038
4 0.5432291666666667 0.036111111111111115 0.02395833333333333 0.03888888888888889
5 0.5869791666666666 0.028703703703703703 0.026041666666666668 0.05740740740740741
4 0.6291666666666667 0.02314814814814815 0.022916666666666665 0.0462962962962963
3 0.49895833333333334 0.2814814814814815 0.11458333333333333 0.2814814814814815