4 0.46979166666666666 0.22037037037037038 0.05416666666666667 0.08148148148148149
4 0.34322916666666664 0.8175925925925926 0.196875 0.3277777777777778
4 0.6541666666666667 0.2851851851851852 0.0625 0.11111111111111112
4 0.5927083333333333 0.13148148148148148 0.035416666666666666 0.05925925925925926
4 0.7104166666666667 0.06481481481481481 0.029166666666666667 0.04814814814814815
4 0.7546875 0.06944444444444445 0.03229166666666666 0.05
4 0.7963541666666667 0.06018518518518519 0.03229166666666666 0.05
4 0.5026041666666666 0.4166666666666667 0.09270833333333334 0.16296296296296298
5 0.5583333333333333 0.1787037037037037 0.041666666666666664 0.09814814814814815
4 0.7416666666666667 0.16111111111111112 0.05 0.07407407407407407
4 0.6494791666666666 0.12407407407407407 0.03854166666666667 0.06296296296296297
4 0.8755208333333333 0.22037037037037038 0.06770833333333333 0.08518518518518518
4 0.8416666666666667 0.3527777777777778 0.0875 0.1277777777777778
4 0.565625 0.10185185185185186 0.035416666666666666 0.05925925925925926
4 0.621875 0.09074074074074075 0.035416666666666666 0.05185185185185186
3 0.49114583333333334 0.12037037037037038 0.128125 0.15925925925925927