4 0.33541666666666664 0.2212962962962963 0.05 0.07592592592592592
4 0.4864583333333333 0.42314814814814816 0.08958333333333333 0.17222222222222222
5 0.3364583333333333 0.36203703703703705 0.09375 0.19444444444444445
4 0.6432291666666666 0.13703703703703704 0.03229166666666666 0.05555555555555556
4 0.5786458333333333 0.10740740740740741 0.030208333333333334 0.05555555555555556
4 0.6994791666666667 0.19074074074074074 0.046875 0.07037037037037037
4 0.7005208333333334 0.23981481481481481 0.059375 0.09074074074074075
4 0.4401041666666667 0.24351851851851852 0.051041666666666666 0.07222222222222223
4 0.3911458333333333 0.22592592592592595 0.042708333333333334 0.07407407407407407
4 0.5182291666666666 0.15092592592592594 0.03229166666666666 0.05
4 0.7703125 0.32685185185185184 0.06979166666666667 0.11666666666666667
4 0.45625 0.1398148148148148 0.035416666666666666 0.0462962962962963
4 0.49374999999999997 0.0962962962962963 0.022916666666666665 0.040740740740740744
4 0.5307291666666667 0.11851851851851852 0.028125 0.044444444444444446
4 0.9010416666666666 0.6944444444444444 0.15625 0.22222222222222224
3 0.7057291666666666 0.11574074074074074 0.06770833333333333 0.11296296296296297
3 0.625 0.08148148148148149 0.04375 0.1