4 0.33125 0.22592592592592595 0.04375 0.06666666666666667
4 0.6854166666666667 0.12592592592592594 0.035416666666666666 0.04814814814814815
4 0.4895833333333333 0.2101851851851852 0.05 0.09074074074074075
4 0.5822916666666667 0.13425925925925927 0.03125 0.05740740740740741
4 0.4510416666666667 0.6092592592592593 0.10833333333333334 0.20740740740740743
5 0.42083333333333334 0.1787037037037037 0.04791666666666666 0.09814814814814815
4 0.6640625 0.17962962962962964 0.042708333333333334 0.06666666666666667
4 0.590625 0.16574074074074074 0.035416666666666666 0.061111111111111116
4 0.4921875 0.3194444444444445 0.06145833333333333 0.11296296296296297
4 0.7380208333333333 0.2796296296296296 0.06770833333333333 0.08888888888888889
4 0.7625 0.3685185185185185 0.09166666666666666 0.14444444444444446
4 0.47604166666666664 0.13611111111111113 0.029166666666666667 0.0462962962962963
4 0.4348958333333333 0.12314814814814816 0.026041666666666668 0.0462962962962963
4 0.5182291666666666 0.10462962962962963 0.02395833333333333 0.04259259259259259
4 0.8911458333333333 0.6944444444444444 0.153125 0.24444444444444446
3 0.7578125 0.1675925925925926 0.09479166666666666 0.15
3 0.6302083333333334 0.10648148148148148 0.05416666666666667 0.11296296296296297