4 0.46197916666666666 0.18981481481481483 0.059375 0.07962962962962963
5 0.6895833333333333 0.7240740740740741 0.15833333333333333 0.3925925925925926
4 0.65 0.4481481481481482 0.09375 0.15555555555555556
4 0.5442708333333334 0.1824074074074074 0.04479166666666667 0.07962962962962963
4 0.7682291666666666 0.04259259259259259 0.030208333333333334 0.04814814814814815
4 0.7395833333333334 0.3351851851851852 0.09791666666666667 0.14814814814814814
4 0.5625 0.13518518518518519 0.03333333333333333 0.06296296296296297
4 0.6427083333333333 0.13611111111111113 0.041666666666666664 0.06481481481481481
4 0.6786458333333333 0.19722222222222224 0.053125 0.08703703703703704
4 0.7979166666666666 0.1175925925925926 0.04375 0.06481481481481481
4 0.5526041666666667 0.06759259259259259 0.028125 0.0462962962962963
3 0.45468749999999997 0.47870370370370374 0.17395833333333333 0.47222222222222227