5 0.5927083333333333 0.3740740740740741 0.058333333333333334 0.14814814814814814
4 0.7333333333333333 0.425 0.08125 0.1277777777777778
4 0.825 0.2555555555555556 0.052083333333333336 0.06666666666666667
4 0.7765625 0.15833333333333333 0.03229166666666666 0.04259259259259259
4 0.8026041666666667 0.1851851851851852 0.034375 0.05185185185185186
4 0.7359375 0.17222222222222222 0.034375 0.044444444444444446
4 0.7364583333333333 0.13240740740740742 0.027083333333333334 0.04259259259259259
4 0.7171875 0.1527777777777778 0.030208333333333334 0.04259259259259259
4 0.8364583333333333 0.2925925925925926 0.0625 0.08148148148148149
4 0.646875 0.2518518518518519 0.04375 0.07407407407407407
4 0.571875 0.21944444444444444 0.0375 0.061111111111111116
4 0.5973958333333333 0.17592592592592593 0.030208333333333334 0.05185185185185186
4 0.5296875 0.1638888888888889 0.026041666666666668 0.04259259259259259
4 0.5734375 0.1462962962962963 0.02395833333333333 0.037037037037037035
3 0.8614583333333333 0.18888888888888888 0.1 0.14074074074074075