4 0.6833333333333333 0.6509259259259259 0.12708333333333333 0.25
4 0.740625 0.031481481481481485 0.029166666666666667 0.040740740740740744
4 0.621875 0.3611111111111111 0.08125 0.13333333333333333
4 0.7796875 0.02962962962962963 0.030208333333333334 0.037037037037037035
4 0.7651041666666667 0.05555555555555556 0.03229166666666666 0.044444444444444446
5 0.6229166666666667 0.225 0.05 0.10925925925925926
4 0.7890625 0.07407407407407407 0.036458333333333336 0.05185185185185186
4 0.6192708333333333 0.1462962962962963 0.042708333333333334 0.05925925925925926
4 0.8401041666666667 0.07777777777777778 0.042708333333333334 0.05185185185185186
4 0.7369791666666666 0.09074074074074075 0.040625 0.05555555555555556
4 0.5354166666666667 0.07777777777777778 0.029166666666666667 0.05185185185185186
5 0.5958333333333333 0.07592592592592592 0.03333333333333333 0.07037037037037037
4 0.6739583333333333 0.12222222222222223 0.041666666666666664 0.07037037037037037
5 0.8703124999999999 0.14537037037037037 0.06354166666666666 0.09444444444444444
4 0.5114583333333333 0.20277777777777778 0.06458333333333333 0.06851851851851852
4 0.571875 0.053703703703703705 0.025 0.04814814814814815
4 0.9614583333333333 0.25 0.075 0.1
4 0.6364583333333333 0.040740740740740744 0.03125 0.04814814814814815
3 0.4588541666666667 0.4666666666666667 0.171875 0.4666666666666667