5 0.6817708333333333 0.018518518518518517 0.017708333333333333 0.037037037037037035
4 0.6640625 0.016666666666666666 0.019791666666666666 0.03333333333333333
4 0.7276041666666666 0.040740740740740744 0.021875 0.037037037037037035
4 0.6729166666666666 0.05555555555555556 0.025 0.040740740740740744
4 0.7020833333333333 0.05 0.025 0.040740740740740744
4 0.7421875 0.09444444444444444 0.034375 0.04814814814814815
4 0.8213541666666666 0.15092592592592594 0.051041666666666666 0.06481481481481481
4 0.8109375 0.1851851851851852 0.053125 0.07777777777777778
4 0.5661458333333333 0.03796296296296296 0.019791666666666666 0.03518518518518519
4 0.5895833333333333 0.014814814814814815 0.01875 0.02962962962962963
3 0.4114583333333333 0.5944444444444444 0.22708333333333333 0.725925925925926