4 0.6979166666666666 0.017592592592592594 0.01875 0.03518518518518519
4 0.15677083333333333 0.487962962962963 0.12395833333333334 0.16111111111111112
4 0.725 0.024074074074074074 0.022916666666666665 0.014814814814814815
4 0.7182291666666667 0.011111111111111112 0.019791666666666666 0.022222222222222223
4 0.3052083333333333 0.33333333333333337 0.07083333333333333 0.10370370370370371
4 0.725 0.05277777777777778 0.027083333333333334 0.04259259259259259
4 0.7619791666666667 0.03425925925925926 0.02395833333333333 0.02777777777777778
4 0.7619791666666667 0.05648148148148149 0.028125 0.024074074074074074
5 0.6791666666666667 0.028703703703703703 0.020833333333333332 0.03888888888888889
4 0.7875 0.04814814814814815 0.03125 0.040740740740740744
4 0.6708333333333333 0.17777777777777778 0.04791666666666666 0.07407407407407407
4 0.6083333333333333 0.12222222222222223 0.03333333333333333 0.05555555555555556
4 0.7661458333333333 0.09166666666666667 0.036458333333333336 0.0462962962962963
4 0.8078124999999999 0.1 0.040625 0.040740740740740744
4 0.8140625 0.13148148148148148 0.04895833333333333 0.05925925925925926
4 0.8755208333333333 0.10740740740740741 0.065625 0.06296296296296297
4 0.5885416666666666 0.032407407407407406 0.020833333333333332 0.03518518518518519
4 0.61875 0.018518518518518517 0.020833333333333332 0.037037037037037035
4 0.5447916666666667 0.031481481481481485 0.020833333333333332 0.03333333333333333
3 0.5244791666666666 0.17222222222222222 0.084375 0.18888888888888888