5 0.6786458333333333 0.017592592592592594 0.017708333333333333 0.03518518518518519
4 0.6635416666666667 0.015740740740740743 0.01875 0.031481481481481485
4 0.7244791666666667 0.03333333333333333 0.026041666666666668 0.037037037037037035
4 0.6739583333333333 0.05 0.025 0.037037037037037035
4 0.6984375 0.04259259259259259 0.02395833333333333 0.037037037037037035
4 0.7338541666666667 0.08611111111111111 0.034375 0.05
4 0.8083333333333333 0.13518518518518519 0.04791666666666666 0.05925925925925926
4 0.7979166666666666 0.16296296296296298 0.05 0.07777777777777778
4 0.5677083333333334 0.03981481481481482 0.020833333333333332 0.03888888888888889
4 0.5942708333333333 0.015740740740740743 0.019791666666666666 0.031481481481481485
4 0.9791666666666666 0.1425925925925926 0.03958333333333333 0.044444444444444446
3 0.4067708333333333 0.6101851851851852 0.24687499999999998 0.7462962962962963