4 0.7927083333333333 0.1462962962962963 0.03333333333333333 0.04814814814814815
4 0.7348958333333333 0.14722222222222223 0.034375 0.0462962962962963
4 0.5796875 0.600925925925926 0.10104166666666667 0.18703703703703706
4 0.6104166666666666 0.34814814814814815 0.058333333333333334 0.10740740740740741
4 0.6046875 0.27314814814814814 0.053125 0.08333333333333334
4 0.9135416666666667 0.23611111111111113 0.05416666666666667 0.07222222222222223
4 0.6270833333333333 0.1824074074074074 0.0375 0.05740740740740741
4 0.575 0.13333333333333333 0.029166666666666667 0.05185185185185186
4 0.5317708333333333 0.13148148148148148 0.028125 0.05185185185185186
4 0.6213541666666667 0.12314814814814816 0.028125 0.04259259259259259
3 0.7567708333333333 0.09074074074074075 0.05520833333333333 0.08518518518518518
3 0.8489583333333334 0.13611111111111113 0.09791666666666667 0.1574074074074074