5 0.6145833333333334 0.8305555555555556 0.13541666666666666 0.3351851851851852
4 0.6317708333333333 0.3231481481481482 0.06979166666666667 0.12407407407407407
4 0.671875 0.5333333333333333 0.12916666666666665 0.1962962962962963
4 0.7786458333333334 0.07407407407407407 0.03854166666666667 0.04814814814814815
4 0.7072916666666667 0.23055555555555557 0.06041666666666667 0.09444444444444444
4 0.6130208333333333 0.15 0.04479166666666667 0.07037037037037037
4 0.81875 0.0962962962962963 0.041666666666666664 0.06296296296296297
4 0.7182291666666667 0.06574074074074074 0.03229166666666666 0.05
4 0.8156249999999999 0.049074074074074076 0.035416666666666666 0.0462962962962963
4 0.6 0.1 0.03333333333333333 0.05555555555555556
4 0.671875 0.11388888888888889 0.0375 0.061111111111111116
4 0.7807291666666667 0.13425925925925927 0.04895833333333333 0.06851851851851852
4 0.9088541666666666 0.13148148148148148 0.051041666666666666 0.06666666666666667
4 0.928125 0.2111111111111111 0.07291666666666667 0.08518518518518518
5 0.5921875 0.05925925925925926 0.026041666666666668 0.04814814814814815
4 0.9614583333333333 0.2916666666666667 0.075 0.10555555555555556
3 0.5234375 0.16944444444444445 0.078125 0.19074074074074074