4 0.6953125 0.05092592592592593 0.019791666666666666 0.03888888888888889
4 0.7072916666666667 0.058333333333333334 0.022916666666666665 0.03518518518518519
4 0.384375 0.24722222222222223 0.0875 0.08333333333333334
4 0.7322916666666667 0.06851851851851852 0.025 0.03333333333333333
4 0.7489583333333333 0.044444444444444446 0.020833333333333332 0.022222222222222223
4 0.7270833333333333 0.03425925925925926 0.016666666666666666 0.024074074074074074
4 0.7630208333333334 0.022222222222222223 0.019791666666666666 0.02592592592592593
4 0.7692708333333333 0.06666666666666667 0.026041666666666668 0.05555555555555556
4 0.7552083333333334 0.0925925925925926 0.027083333333333334 0.05185185185185186
4 0.7604166666666666 0.07685185185185185 0.020833333333333332 0.03518518518518519
4 0.6005208333333333 0.325 0.057291666666666664 0.11296296296296297
4 0.5416666666666666 0.15462962962962964 0.03125 0.05740740740740741
4 0.6963541666666666 0.2851851851851852 0.06145833333333333 0.0962962962962963
4 0.73125 0.10925925925925926 0.03125 0.04814814814814815
4 0.7916666666666666 0.10555555555555556 0.029166666666666667 0.022222222222222223
4 0.6489583333333333 0.16944444444444445 0.04375 0.07222222222222223
4 0.7973958333333333 0.14166666666666666 0.040625 0.061111111111111116
5 0.7416666666666667 0.14444444444444446 0.041666666666666664 0.07407407407407407
4 0.6244791666666667 0.09166666666666667 0.026041666666666668 0.04259259259259259
4 0.8880208333333334 0.23240740740740742 0.071875 0.10185185185185186
3 0.5411458333333333 0.04259259259259259 0.034375 0.08518518518518518