4 0.6244791666666667 0.3351851851851852 0.07604166666666666 0.13333333333333333
4 0.8848958333333333 0.6305555555555555 0.14895833333333333 0.2388888888888889
5 0.6098958333333333 0.21574074074074076 0.046875 0.11296296296296297
4 0.7854166666666667 0.03796296296296296 0.03333333333333333 0.04259259259259259
4 0.68125 0.1962962962962963 0.06041666666666667 0.08888888888888889
4 0.7354166666666666 0.04537037037037037 0.029166666666666667 0.03888888888888889
4 0.6098958333333333 0.125 0.036458333333333336 0.061111111111111116
4 0.8354166666666667 0.07037037037037037 0.041666666666666664 0.05185185185185186
4 0.7921875 0.08796296296296297 0.040625 0.05
4 0.8046875 0.11574074074074074 0.04479166666666667 0.061111111111111116
4 0.8072916666666666 0.1851851851851852 0.05625 0.07777777777777778
4 0.5046875 0.2212962962962963 0.065625 0.08333333333333334
4 0.903125 0.20277777777777778 0.07083333333333333 0.08703703703703704
4 0.6411458333333333 0.061111111111111116 0.028125 0.04814814814814815
4 0.5916666666666667 0.04166666666666667 0.025 0.04259259259259259
4 0.9739583333333334 0.2638888888888889 0.05 0.10925925925925926
3 0.5442708333333334 0.05277777777777778 0.04479166666666667 0.10555555555555556