4 0.4713541666666667 0.21203703703703705 0.053125 0.07962962962962963
4 0.5536458333333333 0.29814814814814816 0.06354166666666666 0.11481481481481481
5 0.41354166666666664 0.7861111111111111 0.15416666666666667 0.3611111111111111
4 0.6776041666666667 0.5925925925925926 0.11145833333333333 0.22222222222222224
4 0.7203125 0.07592592592592592 0.03229166666666666 0.05185185185185186
4 0.5630208333333333 0.15462962962962964 0.046875 0.08333333333333334
4 0.6447916666666667 0.20370370370370372 0.05 0.08518518518518518
4 0.7895833333333333 0.08518518518518518 0.0375 0.05555555555555556
4 0.6473958333333333 0.12685185185185185 0.040625 0.06851851851851852
4 0.5953125 0.11481481481481481 0.03854166666666667 0.06296296296296297
4 0.9302083333333333 0.2990740740740741 0.09166666666666666 0.11666666666666667
4 0.9109375 0.4953703703703704 0.128125 0.1685185185185185
3 0.4890625 0.10925925925925926 0.12604166666666666 0.15555555555555556