3 0.4890625 0.13055555555555556 0.078125 0.23148148148148148
4 0.659375 0.5527777777777778 0.11041666666666666 0.20925925925925926
4 0.9145833333333333 0.8009259259259259 0.16875 0.3425925925925926
5 0.7614583333333333 0.35370370370370374 0.10625 0.1925925925925926
4 0.6098958333333333 0.26666666666666666 0.06354166666666666 0.11481481481481481
4 0.5942708333333333 0.17962962962962964 0.04895833333333333 0.08148148148148149
4 0.5734375 0.09722222222222222 0.034375 0.05
4 0.7213541666666666 0.06944444444444445 0.03854166666666667 0.05740740740740741
4 0.8234374999999999 0.10277777777777779 0.051041666666666666 0.053703703703703705
4 0.5979166666666667 0.05185185185185186 0.029166666666666667 0.040740740740740744
4 0.540625 0.04351851851851852 0.025 0.04259259259259259
4 0.7875 0.2138888888888889 0.07291666666666667 0.08703703703703704
4 0.46197916666666666 0.11851851851851852 0.034375 0.06296296296296297
4 0.946875 0.287962962962963 0.10416666666666667 0.11666666666666667
3 0.41041666666666665 0.6851851851851852 0.325 0.625925925925926