4 0.6697916666666667 0.6185185185185186 0.125 0.22962962962962963
4 0.746875 0.03796296296296296 0.027083333333333334 0.04259259259259259
5 0.6416666666666666 0.3472222222222222 0.07083333333333333 0.1537037037037037
4 0.76875 0.05277777777777778 0.027083333333333334 0.04259259259259259
4 0.6354166666666666 0.22314814814814815 0.052083333333333336 0.08703703703703704
4 0.8010416666666667 0.04259259259259259 0.03333333333333333 0.040740740740740744
4 0.7046875 0.04537037037037037 0.028125 0.0462962962962963
4 0.5317708333333333 0.10462962962962963 0.03229166666666666 0.061111111111111116
5 0.6010416666666667 0.11296296296296297 0.041666666666666664 0.08518518518518518
4 0.7244791666666667 0.23148148148148148 0.06145833333333333 0.10370370370370371
5 0.8151041666666666 0.09537037037037037 0.04895833333333333 0.07962962962962963
4 0.5348958333333333 0.24074074074074076 0.05520833333333333 0.08888888888888889
4 0.5765625 0.08148148148148149 0.026041666666666668 0.05555555555555556
4 0.8786458333333333 0.16666666666666669 0.065625 0.07777777777777778
4 0.6552083333333333 0.0787037037037037 0.0375 0.061111111111111116
3 0.45729166666666665 0.4712962962962963 0.17083333333333334 0.46851851851851856