5 0.6796875 0.4759259259259259 0.109375 0.24814814814814815
4 0.6119791666666666 0.36203703703703705 0.07604166666666666 0.13518518518518519
4 0.6291666666666667 0.2574074074074074 0.07083333333333333 0.12592592592592594
4 0.8046875 0.4 0.09895833333333333 0.17777777777777778
4 0.7421875 0.26944444444444443 0.07604166666666666 0.10555555555555556
4 0.609375 0.15462962962962964 0.04375 0.07592592592592592
4 0.7682291666666666 0.05648148148148149 0.034375 0.04259259259259259
4 0.7932291666666667 0.08981481481481482 0.042708333333333334 0.061111111111111116
4 0.8489583333333334 0.08148148148148149 0.03958333333333333 0.05185185185185186
4 0.684375 0.12314814814814816 0.03958333333333333 0.06481481481481481
5 0.5859375 0.09444444444444444 0.03229166666666666 0.06296296296296297
4 0.8744791666666667 0.13148148148148148 0.05520833333333333 0.06666666666666667
4 0.6119791666666666 0.07777777777777778 0.028125 0.05185185185185186
4 0.8598958333333333 0.22777777777777777 0.06979166666666667 0.08888888888888889
4 0.5984375 0.03518518518518519 0.02395833333333333 0.04814814814814815
3 0.38645833333333335 0.6731481481481482 0.3458333333333333 0.65