4 0.471875 0.20185185185185187 0.05416666666666667 0.08518518518518518
4 0.5203125 0.4324074074074074 0.090625 0.16481481481481483
4 0.5541666666666667 0.17592592592592593 0.05 0.0962962962962963
4 0.6322916666666667 0.2814814814814815 0.06458333333333333 0.11851851851851852
4 0.64375 0.1574074074074074 0.04375 0.07777777777777778
4 0.5864583333333333 0.12407407407407407 0.03958333333333333 0.06296296296296297
4 0.8458333333333333 0.16574074074074074 0.0625 0.07962962962962963
4 0.8109375 0.2537037037037037 0.07395833333333333 0.1
4 0.6458333333333334 0.10740740740740741 0.0375 0.06296296296296297
5 0.5963541666666666 0.06666666666666667 0.03854166666666667 0.07407407407407407
5 0.9213541666666667 0.24074074074074076 0.08854166666666667 0.14074074074074075
4 0.4223958333333333 0.17222222222222222 0.07395833333333333 0.07037037037037037
4 0.9619791666666666 0.46481481481481485 0.07395833333333333 0.17037037037037037
3 0.48802083333333335 0.0962962962962963 0.12395833333333334 0.15925925925925927