4 0.471875 0.20370370370370372 0.05416666666666667 0.07407407407407407
4 0.4890625 0.5611111111111111 0.11354166666666667 0.2111111111111111
4 0.5479166666666666 0.20185185185185187 0.05416666666666667 0.0962962962962963
4 0.6182291666666666 0.3527777777777778 0.08020833333333333 0.1425925925925926
4 0.6432291666666666 0.19444444444444445 0.051041666666666666 0.08888888888888889
4 0.58125 0.14074074074074075 0.041666666666666664 0.07037037037037037
4 0.8192708333333333 0.13333333333333333 0.051041666666666666 0.07037037037037037
4 0.7838541666666666 0.2 0.06145833333333333 0.08888888888888889
4 0.6473958333333333 0.13148148148148148 0.040625 0.06666666666666667
5 0.5953125 0.08240740740740742 0.03854166666666667 0.08703703703703704
5 0.8734375 0.18425925925925926 0.06979166666666667 0.12037037037037038
4 0.42916666666666664 0.17685185185185187 0.075 0.07222222222222223
4 0.9161458333333333 0.33981481481481485 0.09479166666666666 0.1277777777777778
4 0.9411458333333333 0.625925925925926 0.11562499999999999 0.22962962962962963
3 0.4895833333333333 0.10185185185185186 0.12708333333333333 0.15555555555555556