4 0.4901041666666667 0.1212962962962963 0.040625 0.05
4 0.4791666666666667 0.7842592592592593 0.12083333333333333 0.2833333333333333
4 0.6635416666666667 0.044444444444444446 0.022916666666666665 0.037037037037037035
5 0.8901041666666667 0.6842592592592592 0.18645833333333334 0.40185185185185185
4 0.6432291666666666 0.05092592592592593 0.021875 0.03518518518518519
4 0.7135416666666666 0.062037037037037036 0.029166666666666667 0.0462962962962963
4 0.6182291666666666 0.23148148148148148 0.053125 0.0962962962962963
4 0.6963541666666666 0.08796296296296297 0.030208333333333334 0.04259259259259259
4 0.7583333333333333 0.12314814814814816 0.041666666666666664 0.06481481481481481
4 0.5328125 0.19351851851851853 0.04895833333333333 0.07592592592592592
3 0.5421875 0.07777777777777778 0.046875 0.10370370370370371
4 0.5677083333333334 0.07592592592592592 0.020833333333333332 0.044444444444444446
4 0.8052083333333333 0.2537037037037037 0.06666666666666667 0.08518518518518518
4 0.8682291666666666 0.21851851851851853 0.059375 0.0925925925925926
4 0.5916666666666667 0.03796296296296296 0.020833333333333332 0.031481481481481485