4 0.4734375 0.20092592592592592 0.05520833333333333 0.08333333333333334
4 0.3375 0.8250000000000001 0.20833333333333334 0.3462962962962963
4 0.5104166666666666 0.4425925925925926 0.09166666666666666 0.16666666666666669
4 0.6411458333333333 0.6203703703703703 0.11354166666666667 0.23703703703703705
5 0.5546875 0.2212962962962963 0.06770833333333333 0.1574074074074074
4 0.453125 0.17685185185185187 0.08333333333333333 0.06851851851851852
4 0.7526041666666666 0.05462962962962963 0.03229166666666666 0.05
4 0.7265625 0.08333333333333334 0.040625 0.05925925925925926
4 0.8130208333333333 0.08240740740740742 0.040625 0.05740740740740741
4 0.5958333333333333 0.1638888888888889 0.041666666666666664 0.07592592592592592
4 0.8484375 0.15833333333333333 0.059375 0.07962962962962963
4 0.9171874999999999 0.13240740740740742 0.059375 0.08703703703703704
4 0.5802083333333333 0.09166666666666667 0.04791666666666666 0.06481481481481481
4 0.6458333333333334 0.07592592592592592 0.03125 0.05555555555555556
3 0.49322916666666666 0.0962962962962963 0.12604166666666666 0.14814814814814814