4 0.6270833333333333 0.4314814814814815 0.09791666666666667 0.16666666666666669
4 0.6859375 0.8527777777777779 0.16770833333333332 0.2574074074074074
3 0.4984375 0.09814814814814815 0.06145833333333333 0.1962962962962963
4 0.5984375 0.23148148148148148 0.05520833333333333 0.0962962962962963
4 0.8822916666666667 0.7000000000000001 0.17708333333333334 0.3148148148148148
4 0.684375 0.23425925925925928 0.0625 0.09444444444444444
5 0.6546875 0.14537037037037037 0.051041666666666666 0.09444444444444444
4 0.5744791666666667 0.11574074074074074 0.036458333333333336 0.053703703703703705
4 0.7140625 0.06481481481481481 0.034375 0.04814814814814815
4 0.5880208333333333 0.08055555555555556 0.03229166666666666 0.0462962962962963
4 0.5536458333333333 0.04166666666666667 0.02395833333333333 0.03518518518518519
4 0.853125 0.21203703703703705 0.07708333333333334 0.08703703703703704
3 0.43854166666666666 0.5407407407407407 0.19583333333333333 0.6185185185185186