4 0.6697916666666667 0.47685185185185186 0.10416666666666667 0.18703703703703706
4 0.6083333333333333 0.3472222222222222 0.08333333333333333 0.13518518518518519
5 0.6291666666666667 0.24074074074074076 0.06458333333333333 0.13703703703703704
4 0.5692708333333333 0.21574074074074076 0.05520833333333333 0.08703703703703704
4 0.8859374999999999 0.625925925925926 0.165625 0.32962962962962966
4 0.6140625 0.1564814814814815 0.04895833333333333 0.07222222222222223
5 0.7270833333333333 0.22592592592592595 0.06666666666666667 0.13333333333333333
4 0.684375 0.15092592592592594 0.05 0.08333333333333334
4 0.821875 0.04537037037037037 0.0375 0.05
4 0.78125 0.07222222222222223 0.041666666666666664 0.05185185185185186
4 0.6708333333333333 0.11111111111111112 0.041666666666666664 0.05925925925925926
4 0.5989583333333334 0.07685185185185185 0.035416666666666666 0.053703703703703705
4 0.8651041666666667 0.14074074074074075 0.05520833333333333 0.07037037037037037
4 0.890625 0.24351851851851852 0.08541666666666667 0.11666666666666667
4 0.94375 0.19907407407407407 0.058333333333333334 0.09074074074074075
4 0.6421875 0.03425925925925926 0.028125 0.0462962962962963
5 0.5729166666666666 0.02962962962962963 0.025 0.05925925925925926
3 0.45729166666666665 0.5777777777777778 0.21666666666666667 0.6888888888888889