4 0.7255208333333333 0.812962962962963 0.15729166666666666 0.2962962962962963
4 0.6286458333333333 0.27222222222222225 0.065625 0.10370370370370371
4 0.7385416666666667 0.04259259259259259 0.03125 0.04814814814814815
4 0.5625 0.23240740740740742 0.05416666666666667 0.09074074074074075
5 0.6083333333333333 0.1787037037037037 0.04583333333333333 0.09074074074074075
4 0.7604166666666666 0.36203703703703705 0.09166666666666666 0.1462962962962963
4 0.7947916666666667 0.05092592592592593 0.03125 0.04259259259259259
4 0.5453125 0.15925925925925927 0.046875 0.06666666666666667
4 0.7151041666666667 0.2212962962962963 0.06770833333333333 0.11666666666666667
4 0.5942708333333333 0.125 0.042708333333333334 0.07592592592592592
5 0.6708333333333333 0.12314814814814816 0.04375 0.08703703703703704
4 0.8020833333333334 0.09166666666666667 0.041666666666666664 0.061111111111111116
4 0.6354166666666666 0.09074074074074075 0.03333333333333333 0.06296296296296297
4 0.8807291666666667 0.10370370370370371 0.046875 0.06296296296296297
4 0.8598958333333333 0.16944444444444445 0.06354166666666666 0.07592592592592592
4 0.6442708333333333 0.06574074074074074 0.028125 0.04259259259259259
4 0.5911458333333334 0.03796296296296296 0.028125 0.04259259259259259
3 0.45989583333333334 0.5796296296296296 0.21354166666666666 0.6777777777777778