4 0.8041666666666667 0.19166666666666668 0.03333333333333333 0.053703703703703705
4 0.7171875 0.13148148148148148 0.026041666666666668 0.040740740740740744
4 0.7755208333333333 0.21666666666666667 0.04895833333333333 0.06296296296296297
4 0.6125 0.4981481481481482 0.08333333333333333 0.14814814814814814
4 0.5859375 0.35462962962962963 0.06145833333333333 0.10555555555555556
4 0.5328125 0.28425925925925927 0.04479166666666667 0.08333333333333334
4 0.5848958333333333 0.22037037037037038 0.036458333333333336 0.06296296296296297
4 0.5765625 0.18703703703703706 0.03229166666666666 0.05555555555555556
4 0.9541666666666666 0.31851851851851853 0.06458333333333333 0.0925925925925926
4 0.5791666666666666 0.12962962962962962 0.027083333333333334 0.044444444444444446
3 0.7911458333333333 0.12685185185185185 0.06979166666666667 0.10925925925925926
3 0.9041666666666667 0.18425925925925926 0.12291666666666666 0.19444444444444445