4 0.7447916666666666 0.05277777777777778 0.03125 0.04259259259259259
4 0.5973958333333333 0.27685185185185185 0.06354166666666666 0.10925925925925926
4 0.6072916666666667 0.1675925925925926 0.04583333333333333 0.07592592592592592
4 0.7302083333333333 0.3101851851851852 0.08333333333333333 0.1277777777777778
4 0.7723958333333333 0.08981481481481482 0.040625 0.061111111111111116
4 0.5427083333333333 0.15185185185185185 0.0375 0.07407407407407407
5 0.5989583333333334 0.10925925925925926 0.0375 0.06666666666666667
4 0.6765625 0.1527777777777778 0.046875 0.07222222222222223
4 0.8317708333333333 0.125 0.042708333333333334 0.06851851851851852
4 0.5291666666666667 0.10740740740740741 0.03333333333333333 0.05925925925925926
4 0.646875 0.10092592592592593 0.041666666666666664 0.06481481481481481
4 0.559375 0.07222222222222223 0.03333333333333333 0.05555555555555556
5 0.6416666666666666 0.05925925925925926 0.029166666666666667 0.04814814814814815
4 0.9171874999999999 0.2240740740740741 0.07604166666666666 0.0962962962962963
3 0.45625 0.5805555555555556 0.21458333333333332 0.6722222222222223