4 0.640625 0.337037037037037 0.07083333333333333 0.12592592592592594
4 0.7739583333333333 0.6842592592592592 0.1375 0.26851851851851855
4 0.8385416666666666 0.08425925925925926 0.05 0.05740740740740741
4 0.7729166666666667 0.08703703703703704 0.03958333333333333 0.05185185185185186
4 0.7973958333333333 0.06574074074074074 0.030208333333333334 0.0462962962962963
4 0.7458333333333333 0.06018518518518519 0.03125 0.04259259259259259
4 0.9234375 0.2425925925925926 0.07395833333333333 0.1
4 0.5458333333333333 0.06666666666666667 0.027083333333333334 0.044444444444444446
4 0.5932291666666667 0.05 0.026041666666666668 0.040740740740740744
4 0.6338541666666666 0.0462962962962963 0.028125 0.044444444444444446
3 0.49114583333333334 0.32222222222222224 0.12395833333333334 0.3592592592592593