4 0.4765625 0.11481481481481481 0.02395833333333333 0.04814814814814815
5 0.5953125 0.23240740740740742 0.051041666666666666 0.09444444444444444
4 0.578125 0.1527777777777778 0.03958333333333333 0.05740740740740741
4 0.715625 0.3416666666666667 0.08541666666666667 0.12407407407407407
4 0.6677083333333333 0.18703703703703706 0.058333333333333334 0.0962962962962963
4 0.7692708333333333 0.08611111111111111 0.036458333333333336 0.0462962962962963
4 0.5609375 0.11388888888888889 0.03229166666666666 0.05740740740740741
4 0.5588541666666667 0.07592592592592592 0.026041666666666668 0.05185185185185186
4 0.5947916666666666 0.05 0.025 0.037037037037037035
5 0.4786458333333333 0.13425925925925927 0.042708333333333334 0.07592592592592592
3 0.4828125 0.26944444444444443 0.10729166666666666 0.29074074074074074