4 0.6098958333333333 0.08981481481481482 0.026041666666666668 0.0462962962962963
4 0.6291666666666667 0.1527777777777778 0.0375 0.053703703703703705
4 0.36822916666666666 0.1953703703703704 0.053125 0.061111111111111116
4 0.45468749999999997 0.1638888888888889 0.034375 0.061111111111111116
4 0.5109375 0.13611111111111113 0.034375 0.053703703703703705
4 0.6135416666666667 0.20092592592592592 0.04583333333333333 0.07222222222222223
4 0.7375 0.33055555555555555 0.07916666666666666 0.11296296296296297
4 0.4984375 0.08148148148148149 0.026041666666666668 0.04814814814814815
4 0.659375 0.4046296296296297 0.08958333333333333 0.1425925925925926
4 0.525 0.09814814814814815 0.025 0.040740740740740744
5 0.48333333333333334 0.0638888888888889 0.025 0.05740740740740741
4 0.8614583333333333 0.5555555555555556 0.1375 0.20370370370370372
4 0.7130208333333333 0.6777777777777778 0.14479166666666665 0.24814814814814815
3 0.9098958333333333 0.37777777777777777 0.178125 0.35185185185185186
3 0.6911458333333333 0.19907407407407407 0.096875 0.19074074074074074
3 0.13020833333333334 0.725925925925926 0.2604166666666667 0.5185185185185185