4 0.696875 0.04722222222222222 0.020833333333333332 0.031481481481481485
4 0.7072916666666667 0.05740740740740741 0.022916666666666665 0.03333333333333333
4 0.28802083333333334 0.33611111111111114 0.08020833333333333 0.09814814814814815
4 0.73125 0.061111111111111116 0.022916666666666665 0.022222222222222223
4 0.7270833333333333 0.02962962962962963 0.01875 0.02962962962962963
4 0.7401041666666667 0.008333333333333333 0.013541666666666667 0.016666666666666666
4 0.7369791666666666 0.037037037037037035 0.02395833333333333 0.02592592592592593
4 0.7411458333333333 0.07962962962962963 0.026041666666666668 0.044444444444444446
4 0.7635416666666667 0.06296296296296297 0.022916666666666665 0.037037037037037035
4 0.4380208333333333 0.23055555555555557 0.07604166666666666 0.07222222222222223
4 0.7307291666666667 0.09722222222222222 0.026041666666666668 0.0462962962962963
4 0.7869791666666667 0.09074074074074075 0.028125 0.044444444444444446
4 0.8609375 0.7092592592592593 0.16145833333333334 0.27037037037037037
4 0.7713541666666667 0.11296296296296297 0.034375 0.05185185185185186
5 0.7036458333333333 0.10555555555555556 0.036458333333333336 0.05925925925925926
4 0.6802083333333333 0.24722222222222223 0.05 0.08333333333333334
4 0.8328125 0.1277777777777778 0.040625 0.06666666666666667
4 0.5963541666666666 0.06296296296296297 0.02395833333333333 0.040740740740740744
4 0.5927083333333333 0.037037037037037035 0.014583333333333334 0.014814814814814815
4 0.8421875 0.1962962962962963 0.053125 0.07037037037037037
4 0.9432291666666667 0.22685185185185186 0.06770833333333333 0.07962962962962963
4 0.9760416666666667 0.32222222222222224 0.04583333333333333 0.10370370370370371
4 0.9682291666666667 0.15092592592592594 0.06145833333333333 0.06481481481481481
4 0.5791666666666666 0.02592592592592593 0.016666666666666666 0.02592592592592593
3 0.5484375 0.08240740740740742 0.046875 0.10185185185185186