4 0.4713541666666667 0.20277777777777778 0.051041666666666666 0.08333333333333334
4 0.53125 0.38703703703703707 0.08333333333333333 0.14444444444444446
4 0.5567708333333333 0.1685185185185185 0.04895833333333333 0.0925925925925926
4 0.6380208333333334 0.2574074074074074 0.06145833333333333 0.11111111111111112
4 0.64375 0.14907407407407408 0.04375 0.07592592592592592
4 0.5890625 0.1212962962962963 0.03854166666666667 0.06481481481481481
4 0.8609375 0.19074074074074074 0.065625 0.08888888888888889
4 0.8276041666666667 0.2990740740740741 0.08229166666666667 0.11666666666666667
4 0.6463541666666667 0.10092592592592593 0.034375 0.05740740740740741
5 0.5953125 0.06944444444444445 0.03854166666666667 0.07222222222222223
5 0.9484374999999999 0.28703703703703703 0.10104166666666667 0.16296296296296298
4 0.4161458333333333 0.17685185185185187 0.06979166666666667 0.06851851851851852
3 0.4895833333333333 0.10185185185185186 0.12916666666666665 0.15925925925925927