4 0.5192708333333333 0.5092592592592593 0.08854166666666667 0.15555555555555556
4 0.3697916666666667 0.5722222222222223 0.10416666666666667 0.17407407407407408
4 0.5520833333333334 0.33981481481481485 0.058333333333333334 0.10185185185185186
4 0.6473958333333333 0.3944444444444445 0.065625 0.12222222222222223
4 0.565625 0.23981481481481481 0.05 0.07222222222222223
4 0.8598958333333333 0.26851851851851855 0.06354166666666666 0.08148148148148149
4 0.5921875 0.18333333333333335 0.03854166666666667 0.05925925925925926
4 0.6484375 0.2064814814814815 0.036458333333333336 0.06481481481481481
4 0.5942708333333333 0.15555555555555556 0.030208333333333334 0.04814814814814815
4 0.6515625 0.13703703703703704 0.03229166666666666 0.05185185185185186
3 0.49114583333333334 0.18055555555555555 0.128125 0.1574074074074074