4 0.3333333333333333 0.225 0.04791666666666666 0.06481481481481481
4 0.6765625 0.11296296296296297 0.030208333333333334 0.044444444444444446
4 0.4942708333333333 0.23703703703703705 0.05520833333333333 0.1
4 0.5807291666666666 0.12407407407407407 0.028125 0.04814814814814815
5 0.4088541666666667 0.20740740740740743 0.053125 0.11851851851851852
4 0.6578125 0.1675925925925926 0.040625 0.06851851851851852
4 0.5880208333333333 0.15185185185185185 0.036458333333333336 0.06296296296296297
4 0.4796875 0.4101851851851852 0.07395833333333333 0.1425925925925926
4 0.7276041666666666 0.2564814814814815 0.06145833333333333 0.07222222222222223
4 0.7427083333333333 0.32962962962962966 0.08125 0.12592592592592594
4 0.4713541666666667 0.1537037037037037 0.034375 0.04814814814814815
4 0.42916666666666664 0.1425925925925926 0.03125 0.04814814814814815
4 0.51875 0.11203703703703705 0.025 0.03888888888888889
4 0.8411458333333334 0.5537037037037037 0.128125 0.1814814814814815
4 0.46249999999999997 0.09444444444444444 0.025 0.037037037037037035
4 0.4984375 0.07314814814814816 0.019791666666666666 0.03518518518518519
4 0.5317708333333333 0.08055555555555556 0.021875 0.031481481481481485
3 0.74375 0.15555555555555556 0.0875 0.14074074074074075
3 0.6296875 0.10277777777777779 0.04895833333333333 0.11296296296296297