4 0.4770833333333333 0.13518518518518519 0.022916666666666665 0.08148148148148149
5 0.6625 0.6712962962962963 0.12708333333333333 0.2537037037037037
4 0.6026041666666666 0.28611111111111115 0.065625 0.11296296296296297
4 0.8963541666666667 0.725925925925926 0.178125 0.3148148148148148
4 0.7119791666666666 0.04259259259259259 0.034375 0.03333333333333333
4 0.5708333333333333 0.17777777777777778 0.04791666666666666 0.07777777777777778
4 0.5645833333333333 0.11944444444444445 0.03958333333333333 0.061111111111111116
4 0.6145833333333334 0.09814814814814815 0.035416666666666666 0.06296296296296297
5 0.4927083333333333 0.14074074074074075 0.075 0.08518518518518518
4 0.5546875 0.05648148148148149 0.026041666666666668 0.03888888888888889
4 0.8473958333333333 0.3027777777777778 0.09479166666666666 0.12407407407407407
3 0.45625 0.43703703703703706 0.15625 0.46296296296296297