4 0.6375 0.30092592592592593 0.06666666666666667 0.12037037037037038
4 0.56875 0.25092592592592594 0.05625 0.09444444444444444
5 0.6119791666666666 0.18981481481481483 0.051041666666666666 0.09814814814814815
4 0.7942708333333334 0.45 0.11354166666666667 0.17407407407407408
4 0.7875 0.03796296296296296 0.029166666666666667 0.03888888888888889
4 0.5520833333333334 0.17037037037037037 0.04791666666666666 0.07037037037037037
4 0.7359375 0.2638888888888889 0.08229166666666667 0.13518518518518519
4 0.6026041666666666 0.12962962962962962 0.046875 0.06666666666666667
5 0.6817708333333333 0.13518518518518519 0.04479166666666667 0.0925925925925926
4 0.7947916666666667 0.0712962962962963 0.035416666666666666 0.053703703703703705
4 0.64375 0.09907407407407408 0.03333333333333333 0.06481481481481481
4 0.8682291666666666 0.09166666666666667 0.046875 0.05740740740740741
4 0.8380208333333333 0.14074074074074075 0.05520833333333333 0.06296296296296297
4 0.6489583333333333 0.06759259259259259 0.03125 0.03888888888888889
4 0.5932291666666667 0.04351851851851852 0.028125 0.0462962962962963
4 0.965625 0.2537037037037037 0.06666666666666667 0.1
3 0.4552083333333333 0.5750000000000001 0.225 0.6759259259259259