4 0.8052083333333333 0.18888888888888888 0.03125 0.05555555555555556
4 0.71875 0.125 0.025 0.04259259259259259
4 0.7723958333333333 0.20925925925925926 0.04895833333333333 0.05925925925925926
4 0.6161458333333333 0.5203703703703704 0.08854166666666667 0.15555555555555556
4 0.5848958333333333 0.36574074074074076 0.06354166666666666 0.10555555555555556
4 0.5348958333333333 0.2916666666666667 0.046875 0.08333333333333334
4 0.5875 0.22314814814814815 0.0375 0.06481481481481481
4 0.5796875 0.18796296296296297 0.034375 0.05740740740740741
4 0.953125 0.3101851851851852 0.0625 0.08703703703703704
4 0.5817708333333333 0.12962962962962962 0.026041666666666668 0.040740740740740744
3 0.7890625 0.125 0.06979166666666667 0.10925925925925926
3 0.9010416666666666 0.1814814814814815 0.12083333333333333 0.1925925925925926