4 0.4947916666666667 0.1574074074074074 0.041666666666666664 0.05925925925925926
4 0.7041666666666666 0.8250000000000001 0.15625 0.312962962962963
4 0.58125 0.18888888888888888 0.0375 0.07407407407407407
4 0.7182291666666667 0.3212962962962963 0.071875 0.11666666666666667
5 0.5177083333333333 0.1824074074074074 0.04375 0.09444444444444444
4 0.5614583333333333 0.12962962962962962 0.0375 0.05555555555555556
4 0.7161458333333334 0.12592592592592594 0.042708333333333334 0.06296296296296297
4 0.7578125 0.11851851851851852 0.046875 0.06666666666666667
4 0.5682291666666667 0.08518518518518518 0.034375 0.04814814814814815
4 0.6203125 0.10648148148148148 0.03854166666666667 0.061111111111111116
4 0.884375 0.25925925925925924 0.08333333333333333 0.10740740740740741
3 0.5177083333333333 0.03333333333333333 0.03333333333333333 0.06666666666666667
3 0.4515625 0.48240740740740745 0.16770833333333332 0.5092592592592593