4 0.6114583333333333 0.13240740740740742 0.03333333333333333 0.04259259259259259
4 0.6302083333333334 0.21574074074074076 0.04375 0.061111111111111116
4 0.3958333333333333 0.17685185185185187 0.0375 0.053703703703703705
4 0.4671875 0.1388888888888889 0.030208333333333334 0.05185185185185186
4 0.5182291666666666 0.11481481481481481 0.028125 0.04814814814814815
4 0.6203125 0.28611111111111115 0.06145833333333333 0.09074074074074075
4 0.7796875 0.4425925925925926 0.103125 0.13703703703703704
4 0.503125 0.07592592592592592 0.022916666666666665 0.040740740740740744
4 0.7140625 0.612037037037037 0.13020833333333334 0.21296296296296297
4 0.5302083333333333 0.08333333333333334 0.020833333333333332 0.037037037037037035
5 0.4921875 0.058333333333333334 0.021875 0.05
3 0.9249999999999999 0.425 0.14791666666666667 0.40185185185185185
3 0.7177083333333333 0.25 0.12083333333333333 0.24074074074074076
3 0.26458333333333334 0.4342592592592593 0.19583333333333333 0.4203703703703704