4 0.46979166666666666 0.21944444444444444 0.05416666666666667 0.07962962962962963
4 0.3130208333333333 0.862962962962963 0.20520833333333333 0.27037037037037037
4 0.6552083333333333 0.30185185185185187 0.06666666666666667 0.11481481481481481
4 0.5927083333333333 0.13240740740740742 0.035416666666666666 0.061111111111111116
4 0.7098958333333333 0.06018518518518519 0.028125 0.0462962962962963
4 0.7526041666666666 0.0638888888888889 0.030208333333333334 0.05
4 0.7921875 0.053703703703703705 0.03229166666666666 0.04814814814814815
4 0.4921875 0.4444444444444445 0.096875 0.17407407407407408
5 0.5572916666666666 0.1824074074074074 0.041666666666666664 0.10185185185185186
4 0.7401041666666667 0.15 0.04895833333333333 0.07037037037037037
4 0.6505208333333333 0.12685185185185185 0.03854166666666667 0.06481481481481481
4 0.8677083333333333 0.2064814814814815 0.06458333333333333 0.08333333333333334
4 0.8312499999999999 0.33055555555555555 0.08125 0.12037037037037038
4 0.5677083333333334 0.10370370370370371 0.035416666666666666 0.06296296296296297
4 0.6244791666666667 0.09074074074074075 0.036458333333333336 0.05185185185185186
3 0.49114583333333334 0.11666666666666667 0.128125 0.15555555555555556