4 0.6734375 0.6583333333333333 0.140625 0.26481481481481484
5 0.6036458333333333 0.3740740740740741 0.06770833333333333 0.1851851851851852
4 0.75625 0.3851851851851852 0.09583333333333333 0.14814814814814814
4 0.61875 0.1925925925925926 0.05 0.08518518518518518
4 0.7932291666666667 0.03518518518518519 0.03229166666666666 0.040740740740740744
4 0.7385416666666667 0.036111111111111115 0.029166666666666667 0.04259259259259259
4 0.7484375 0.053703703703703705 0.03229166666666666 0.044444444444444446
4 0.759375 0.08425925925925926 0.03333333333333333 0.053703703703703705
4 0.5458333333333333 0.2972222222222222 0.07083333333333333 0.10925925925925926
4 0.8239583333333333 0.11944444444444445 0.05 0.061111111111111116
4 0.6661458333333333 0.12685185185185185 0.040625 0.07222222222222223
4 0.5994791666666667 0.08425925925925926 0.03229166666666666 0.053703703703703705
4 0.8869791666666667 0.15555555555555556 0.059375 0.07777777777777778
4 0.7984375 0.16481481481481483 0.057291666666666664 0.07777777777777778
4 0.8880208333333334 0.10462962962962963 0.04895833333333333 0.05740740740740741
4 0.5963541666666666 0.04814814814814815 0.026041666666666668 0.037037037037037035
4 0.640625 0.04259259259259259 0.025 0.040740740740740744
4 0.9729166666666667 0.3740740740740741 0.052083333333333336 0.13333333333333333
3 0.5385416666666667 0.09537037037037037 0.05625 0.1388888888888889