4 0.8010416666666667 0.16574074074074074 0.03333333333333333 0.053703703703703705
4 0.7208333333333333 0.10462962962962963 0.025 0.03888888888888889
4 0.7572916666666667 0.18055555555555555 0.041666666666666664 0.053703703703703705
4 0.6442708333333333 0.7722222222222223 0.13229166666666667 0.26296296296296295
4 0.5640625 0.4759259259259259 0.08854166666666667 0.14814814814814814
4 0.546875 0.35370370370370374 0.058333333333333334 0.10370370370370371
4 0.5947916666666666 0.2490740740740741 0.041666666666666664 0.07592592592592592
4 0.5833333333333334 0.2064814814814815 0.0375 0.06481481481481481
4 0.9401041666666666 0.27592592592592596 0.059375 0.08148148148148149
4 0.5947916666666666 0.13703703703703704 0.029166666666666667 0.044444444444444446
3 0.7760416666666666 0.10925925925925926 0.058333333333333334 0.1
3 0.8838541666666666 0.15925925925925927 0.109375 0.1814814814814815