4 0.7526041666666666 0.887962962962963 0.190625 0.22037037037037038
4 0.678125 0.5685185185185185 0.12291666666666666 0.21481481481481482
5 0.6541666666666667 0.33796296296296297 0.08125 0.18333333333333335
4 0.590625 0.2833333333333333 0.06666666666666667 0.11481481481481481
4 0.6229166666666667 0.19814814814814816 0.058333333333333334 0.0925925925925926
5 0.828125 0.4444444444444445 0.1125 0.23333333333333334
4 0.7380208333333333 0.2537037037037037 0.06979166666666667 0.12592592592592594
4 0.7880208333333333 0.021296296296296296 0.030208333333333334 0.04259259259259259
4 0.7489583333333333 0.03425925925925926 0.03333333333333333 0.04259259259259259
4 0.709375 0.18981481481481483 0.058333333333333334 0.08703703703703704
4 0.6057291666666667 0.11666666666666667 0.040625 0.06666666666666667
4 0.8005208333333333 0.0787037037037037 0.040625 0.05
4 0.8203125 0.12962962962962962 0.05520833333333333 0.07777777777777778
4 0.8864583333333333 0.11111111111111112 0.04583333333333333 0.06296296296296297
4 0.6635416666666667 0.07777777777777778 0.0375 0.05555555555555556
5 0.5807291666666666 0.062037037037037036 0.028125 0.061111111111111116
4 0.9276041666666667 0.18055555555555555 0.06979166666666667 0.08333333333333334
4 0.6041666666666666 0.0462962962962963 0.029166666666666667 0.044444444444444446
3 0.4421875 0.6305555555555555 0.25104166666666666 0.7018518518518518