4 0.6130208333333333 0.13148148148148148 0.034375 0.037037037037037035
4 0.6296875 0.2111111111111111 0.042708333333333334 0.06296296296296297
4 0.39427083333333335 0.18425925925925926 0.03854166666666667 0.05740740740740741
4 0.4661458333333333 0.14444444444444446 0.030208333333333334 0.05185185185185186
4 0.5171875 0.12037037037037038 0.028125 0.04814814814814815
4 0.6192708333333333 0.2777777777777778 0.059375 0.0925925925925926
4 0.7734375 0.42592592592592593 0.096875 0.14074074074074075
4 0.5020833333333333 0.07962962962962963 0.025 0.040740740740740744
4 0.7057291666666666 0.5833333333333334 0.12395833333333334 0.20370370370370372
4 0.528125 0.08981481481481482 0.01875 0.03518518518518519
5 0.490625 0.06296296296296297 0.025 0.04814814814814815
3 0.9229166666666666 0.41944444444444445 0.15208333333333332 0.3944444444444445
3 0.7140625 0.24351851851851852 0.11770833333333333 0.23148148148148148
3 0.24895833333333334 0.47222222222222227 0.2125 0.45555555555555555