5 0.3067708333333333 0.2657407407407408 0.121875 0.09074074074074075
4 0.6286458333333333 0.7092592592592593 0.11770833333333333 0.22962962962962963
5 0.5911458333333334 0.32037037037037036 0.04895833333333333 0.12592592592592594
4 0.7057291666666666 0.3388888888888889 0.06354166666666666 0.1
4 0.8390624999999999 0.2564814814814815 0.05520833333333333 0.07222222222222223
4 0.7916666666666666 0.1574074074074074 0.0375 0.044444444444444446
4 0.809375 0.18611111111111112 0.03958333333333333 0.053703703703703705
4 0.7484375 0.1675925925925926 0.03854166666666667 0.0462962962962963
4 0.7484375 0.1287037037037037 0.030208333333333334 0.03888888888888889
4 0.7276041666666666 0.14814814814814814 0.034375 0.040740740740740744
5 0.7072916666666667 0.11851851851851852 0.029166666666666667 0.05185185185185186
4 0.8520833333333333 0.2953703703703704 0.06458333333333333 0.08333333333333334
4 0.640625 0.2138888888888889 0.0375 0.05740740740740741
4 0.5739583333333333 0.19444444444444445 0.03333333333333333 0.05555555555555556
4 0.6036458333333333 0.15185185185185185 0.030208333333333334 0.04814814814814815
4 0.5364583333333334 0.14537037037037037 0.025 0.04259259259259259
4 0.578125 0.13148148148148148 0.022916666666666665 0.037037037037037035
3 0.8828125 0.1925925925925926 0.10729166666666666 0.14814814814814814