4 0.6958333333333333 0.053703703703703705 0.020833333333333332 0.03333333333333333
4 0.7083333333333334 0.062037037037037036 0.025 0.031481481481481485
4 0.31145833333333334 0.31203703703703706 0.08125 0.09444444444444444
4 0.7307291666666667 0.06481481481481481 0.02395833333333333 0.02592592592592593
4 0.7260416666666667 0.03518518518518519 0.020833333333333332 0.02962962962962963
4 0.7479166666666667 0.017592592592592594 0.016666666666666666 0.03518518518518519
4 0.7463541666666667 0.044444444444444446 0.02395833333333333 0.02962962962962963
4 0.7432291666666666 0.08611111111111111 0.030208333333333334 0.0462962962962963
4 0.7651041666666667 0.07222222222222223 0.021875 0.040740740740740744
4 0.6328125 0.875925925925926 0.14270833333333333 0.24444444444444446
4 0.4786458333333333 0.2138888888888889 0.06354166666666666 0.06851851851851852
4 0.7328125 0.10277777777777779 0.026041666666666668 0.05
4 0.790625 0.09814814814814815 0.027083333333333334 0.044444444444444446
4 0.7489583333333333 0.4287037037037037 0.09375 0.1462962962962963
4 0.7755208333333333 0.12037037037037038 0.036458333333333336 0.05555555555555556
5 0.7135416666666666 0.11481481481481481 0.0375 0.06296296296296297
4 0.6604166666666667 0.19074074074074074 0.04375 0.07407407407407407
4 0.840625 0.14814814814814814 0.04375 0.07037037037037037
4 0.5869791666666666 0.05277777777777778 0.019791666666666666 0.03518518518518519
4 0.5958333333333333 0.03981481481481482 0.016666666666666666 0.031481481481481485
4 0.8729166666666667 0.23333333333333334 0.0625 0.08148148148148149
4 0.9791666666666666 0.275 0.03958333333333333 0.08703703703703704
3 0.5447916666666667 0.07592592592592592 0.04375 0.0962962962962963