4 0.6348958333333333 0.40370370370370373 0.090625 0.15925925925925927
5 0.6119791666666666 0.25092592592592594 0.051041666666666666 0.1277777777777778
4 0.7 0.23703703703703705 0.06666666666666667 0.0962962962962963
4 0.6114583333333333 0.1462962962962963 0.03958333333333333 0.07037037037037037
4 0.8177083333333334 0.05740740740740741 0.03958333333333333 0.04814814814814815
4 0.7729166666666667 0.06666666666666667 0.035416666666666666 0.044444444444444446
4 0.7833333333333333 0.0925925925925926 0.041666666666666664 0.05925925925925926
4 0.7807291666666667 0.1398148148148148 0.04479166666666667 0.07222222222222223
4 0.5171875 0.24074074074074076 0.06145833333333333 0.0962962962962963
4 0.8703124999999999 0.16574074074074074 0.06145833333333333 0.07592592592592592
4 0.6479166666666667 0.08240740740740742 0.03333333333333333 0.05740740740740741
4 0.59375 0.05462962962962963 0.027083333333333334 0.0462962962962963
4 0.9562499999999999 0.21851851851851853 0.08541666666666667 0.10370370370370371
4 0.9093749999999999 0.3231481481481482 0.09166666666666666 0.13148148148148148
4 0.9682291666666667 0.1675925925925926 0.06145833333333333 0.08333333333333334
3 0.5411458333333333 0.061111111111111116 0.046875 0.12222222222222223