4 0.47291666666666665 0.20092592592592592 0.05416666666666667 0.07962962962962963
4 0.4458333333333333 0.5333333333333333 0.12083333333333333 0.2518518518518519
4 0.6005208333333333 0.6574074074074074 0.128125 0.2851851851851852
4 0.5395833333333333 0.2990740740740741 0.06666666666666667 0.11666666666666667
4 0.6390625 0.375 0.07604166666666666 0.1425925925925926
5 0.5723958333333333 0.16203703703703703 0.057291666666666664 0.12407407407407407
4 0.45208333333333334 0.17407407407407408 0.08125 0.06666666666666667
4 0.7692708333333333 0.08425925925925926 0.036458333333333336 0.061111111111111116
4 0.7442708333333333 0.12407407407407407 0.046875 0.07037037037037037
4 0.8442708333333333 0.12592592592592594 0.053125 0.07407407407407407
4 0.603125 0.12037037037037038 0.035416666666666666 0.05925925925925926
4 0.9125 0.23981481481481481 0.07916666666666666 0.10185185185185186
3 0.4921875 0.09537037037037037 0.128125 0.15