5 0.315625 0.2657407407407408 0.11875 0.09074074074074075
4 0.6229166666666667 0.6518518518518519 0.10625 0.2
5 0.5895833333333333 0.30833333333333335 0.04583333333333333 0.12037037037037038
4 0.6984375 0.32222222222222224 0.06145833333333333 0.0962962962962963
4 0.840625 0.25833333333333336 0.05625 0.07222222222222223
4 0.7932291666666667 0.15833333333333333 0.036458333333333336 0.0462962962962963
4 0.8072916666666666 0.18796296296296297 0.041666666666666664 0.05
4 0.7494791666666667 0.17037037037037037 0.03854166666666667 0.04814814814814815
4 0.7505208333333333 0.1287037037037037 0.030208333333333334 0.03888888888888889
4 0.7276041666666666 0.14907407407407408 0.03229166666666666 0.04259259259259259
5 0.7072916666666667 0.12037037037037038 0.029166666666666667 0.05185185185185186
4 0.8546874999999999 0.30092592592592593 0.06354166666666666 0.08333333333333334
4 0.6390625 0.20925925925925926 0.036458333333333336 0.05925925925925926
4 0.5734375 0.18888888888888888 0.03229166666666666 0.05555555555555556
4 0.6041666666666666 0.14907407407407408 0.027083333333333334 0.0462962962962963
4 0.5369791666666667 0.1425925925925926 0.02395833333333333 0.044444444444444446
4 0.578125 0.12962962962962962 0.022916666666666665 0.040740740740740744
3 0.8875 0.19166666666666668 0.10833333333333334 0.1462962962962963