4 0.6098958333333333 0.08611111111111111 0.026041666666666668 0.04259259259259259
4 0.6239583333333333 0.1425925925925926 0.027083333333333334 0.04814814814814815
4 0.353125 0.20370370370370372 0.058333333333333334 0.06296296296296297
4 0.4473958333333333 0.17962962962962964 0.03854166666666667 0.06296296296296297
4 0.5083333333333333 0.1564814814814815 0.035416666666666666 0.05740740740740741
4 0.6125 0.17962962962962964 0.0375 0.06666666666666667
4 0.725 0.3055555555555556 0.07083333333333333 0.1
4 0.496875 0.08888888888888889 0.025 0.044444444444444446
4 0.6458333333333334 0.3564814814814815 0.075 0.12037037037037038
4 0.5213541666666667 0.11388888888888889 0.026041666666666668 0.0462962962962963
5 0.4791666666666667 0.07222222222222223 0.027083333333333334 0.05185185185185186
4 0.825 0.5 0.12291666666666666 0.1814814814814815
4 0.6848958333333334 0.5555555555555556 0.11770833333333333 0.2
4 0.5265625 0.07962962962962963 0.019791666666666666 0.03333333333333333
3 0.9052083333333333 0.3574074074074074 0.1875 0.33333333333333337
3 0.6817708333333333 0.1851851851851852 0.09270833333333334 0.1814814814814815
3 0.06666666666666667 0.8472222222222222 0.13333333333333333 0.30185185185185187