4 0.35260416666666666 0.8018518518518519 0.16979166666666667 0.27037037037037037
4 0.7645833333333333 0.13518518518518519 0.03125 0.04814814814814815
4 0.5104166666666666 0.42592592592592593 0.0875 0.12592592592592594
4 0.5145833333333333 0.3194444444444445 0.0625 0.08703703703703704
4 0.6572916666666666 0.4175925925925926 0.07916666666666666 0.15
4 0.5838541666666667 0.24074074074074076 0.04479166666666667 0.06666666666666667
4 0.60625 0.17222222222222222 0.03333333333333333 0.05185185185185186
4 0.8526041666666666 0.3 0.065625 0.08888888888888889
4 0.6473958333333333 0.14722222222222223 0.026041666666666668 0.0462962962962963
4 0.5880208333333333 0.15 0.028125 0.04814814814814815
3 0.49374999999999997 0.18333333333333335 0.12916666666666665 0.14814814814814814