4 0.5557291666666666 0.2518518518518519 0.071875 0.10370370370370371
5 0.6682291666666667 0.6037037037037037 0.134375 0.32962962962962966
4 0.6104166666666666 0.3907407407407408 0.08333333333333333 0.14814814814814814
4 0.76875 0.4138888888888889 0.12083333333333333 0.19814814814814816
3 0.5020833333333333 0.07777777777777778 0.05416666666666667 0.15555555555555556
4 0.5744791666666667 0.12685185185185185 0.040625 0.061111111111111116
4 0.6807291666666666 0.2101851851851852 0.06354166666666666 0.08703703703703704
4 0.6703125 0.04537037037037037 0.03229166666666666 0.04259259259259259
4 0.6270833333333333 0.11296296296296297 0.03958333333333333 0.05555555555555556
5 0.6192708333333333 0.07037037037037037 0.036458333333333336 0.06296296296296297
4 0.5625 0.05462962962962963 0.029166666666666667 0.03888888888888889
4 0.8229166666666666 0.17407407407407408 0.06041666666666667 0.07407407407407407
3 0.4458333333333333 0.45925925925925926 0.17083333333333334 0.5111111111111112