4 0.43697916666666664 0.737037037037037 0.153125 0.2888888888888889
4 0.46822916666666664 0.21574074074074076 0.053125 0.08333333333333334
4 0.6645833333333333 0.5037037037037038 0.11041666666666666 0.26296296296296295
4 0.5234375 0.33796296296296297 0.078125 0.15
4 0.6458333333333334 0.1537037037037037 0.04375 0.07407407407407407
4 0.5958333333333333 0.09814814814814815 0.03125 0.05555555555555556
4 0.7302083333333333 0.1175925925925926 0.03958333333333333 0.061111111111111116
4 0.7833333333333333 0.11203703703703705 0.041666666666666664 0.06481481481481481
4 0.8359375 0.09074074074074075 0.042708333333333334 0.06296296296296297
4 0.7869791666666667 0.06481481481481481 0.036458333333333336 0.05185185185185186
4 0.9718749999999999 0.075 0.05416666666666667 0.061111111111111116
4 0.5614583333333333 0.22037037037037038 0.05416666666666667 0.0925925925925926
5 0.5765625 0.12592592592592594 0.036458333333333336 0.08518518518518518
4 0.7911458333333333 0.28055555555555556 0.08020833333333333 0.10555555555555556
3 0.48541666666666666 0.10925925925925926 0.12708333333333333 0.15185185185185185