4 0.4796875 0.13518518518518519 0.028125 0.07407407407407407
5 0.690625 0.8240740740740741 0.14791666666666667 0.25925925925925924
4 0.6125 0.3314814814814815 0.075 0.12962962962962962
4 0.9489583333333333 0.8768518518518519 0.1 0.20555555555555557
4 0.7057291666666666 0.03981481481481482 0.030208333333333334 0.03888888888888889
4 0.5765625 0.20370370370370372 0.046875 0.08148148148148149
4 0.5671875 0.13055555555555556 0.036458333333333336 0.05740740740740741
4 0.621875 0.11111111111111112 0.03958333333333333 0.06296296296296297
5 0.49947916666666664 0.14814814814814814 0.06979166666666667 0.08148148148148149
4 0.5541666666666667 0.06481481481481481 0.029166666666666667 0.040740740740740744
4 0.8270833333333333 0.275 0.0875 0.12037037037037038
3 0.45416666666666666 0.4564814814814815 0.1625 0.47962962962962963