4 0.4276041666666667 0.5027777777777778 0.10104166666666667 0.1574074074074074
5 0.484375 0.2712962962962963 0.07291666666666667 0.1388888888888889
4 0.6791666666666667 0.6018518518518519 0.12291666666666666 0.3037037037037037
4 0.6432291666666666 0.2888888888888889 0.059375 0.10740740740740741
4 0.7932291666666667 0.12962962962962962 0.04479166666666667 0.06296296296296297
4 0.5505208333333333 0.15555555555555556 0.057291666666666664 0.06296296296296297
4 0.7677083333333333 0.20185185185185187 0.058333333333333334 0.0925925925925926
4 0.6026041666666666 0.12037037037037038 0.036458333333333336 0.05925925925925926
4 0.575 0.10833333333333334 0.035416666666666666 0.053703703703703705
4 0.6536458333333334 0.1277777777777778 0.036458333333333336 0.06296296296296297
4 0.8848958333333333 0.4101851851851852 0.10520833333333333 0.1388888888888889
3 0.4864583333333333 0.11851851851851852 0.12708333333333333 0.15925925925925927