4 0.4713541666666667 0.20925925925925926 0.05520833333333333 0.08148148148148149
4 0.6614583333333334 0.4564814814814815 0.09166666666666666 0.17592592592592593
4 0.5864583333333333 0.1462962962962963 0.041666666666666664 0.07037037037037037
4 0.38697916666666665 0.7546296296296297 0.16770833333333332 0.312962962962963
5 0.5453125 0.22222222222222224 0.04895833333333333 0.12222222222222223
4 0.7255208333333333 0.10277777777777779 0.040625 0.061111111111111116
4 0.6515625 0.15925925925925927 0.04479166666666667 0.07777777777777778
4 0.8239583333333333 0.1425925925925926 0.052083333333333336 0.07407407407407407
4 0.7869791666666667 0.225 0.06145833333333333 0.09444444444444444
4 0.575 0.10462962962962963 0.041666666666666664 0.06851851851851852
4 0.6375 0.0925925925925926 0.03958333333333333 0.05555555555555556
4 0.9036458333333334 0.2888888888888889 0.08645833333333333 0.11481481481481481
3 0.48854166666666665 0.11203703703703705 0.12708333333333333 0.16481481481481483