4 0.5140625 0.20462962962962963 0.04895833333333333 0.07962962962962963
4 0.6729166666666666 0.7462962962962963 0.14791666666666667 0.32592592592592595
5 0.59375 0.3175925925925926 0.08958333333333333 0.16481481481481483
4 0.5880208333333333 0.25092592592592594 0.057291666666666664 0.10185185185185186
4 0.8489583333333334 0.6324074074074074 0.17083333333333334 0.3277777777777778
4 0.6364583333333333 0.1638888888888889 0.05625 0.08703703703703704
3 0.5088541666666666 0.05925925925925926 0.04479166666666667 0.11851851851851852
4 0.7291666666666666 0.0462962962962963 0.03125 0.044444444444444446
4 0.5661458333333333 0.075 0.028125 0.05
4 0.6260416666666666 0.09722222222222222 0.035416666666666666 0.0462962962962963
4 0.7510416666666666 0.16296296296296298 0.06041666666666667 0.07407407407407407
4 0.5942708333333333 0.05740740740740741 0.028125 0.044444444444444446
3 0.4505208333333333 0.46851851851851856 0.16979166666666667 0.5111111111111112