4 0.7963541666666667 0.15 0.030208333333333334 0.04814814814814815
4 0.7432291666666666 0.1564814814814815 0.036458333333333336 0.05
4 0.5151041666666667 0.7527777777777778 0.13854166666666667 0.26481481481481484
4 0.5630208333333333 0.48240740740740745 0.08020833333333333 0.15
4 0.6046875 0.30185185185185187 0.051041666666666666 0.0925925925925926
4 0.5942708333333333 0.23703703703703705 0.042708333333333334 0.07037037037037037
4 0.9244791666666666 0.24629629629629632 0.05520833333333333 0.07037037037037037
4 0.6135416666666667 0.15925925925925927 0.03333333333333333 0.05185185185185186
4 0.5729166666666666 0.11944444444444445 0.027083333333333334 0.0462962962962963
4 0.5328125 0.11574074074074074 0.026041666666666668 0.0462962962962963
4 0.6166666666666667 0.11018518518518519 0.025 0.04259259259259259
3 0.7630208333333334 0.09074074074074075 0.05520833333333333 0.08888888888888889
3 0.8598958333333333 0.1398148148148148 0.10104166666666667 0.17222222222222222