4 0.47760416666666666 0.13611111111111113 0.021875 0.07222222222222223
5 0.6192708333333333 0.4351851851851852 0.084375 0.16666666666666669
4 0.5901041666666667 0.23148148148148148 0.053125 0.0962962962962963
4 0.9390625 0.8833333333333334 0.11979166666666667 0.1925925925925926
4 0.7546875 0.40555555555555556 0.10520833333333333 0.1851851851851852
4 0.7317708333333334 0.06296296296296297 0.02395833333333333 0.037037037037037035
4 0.5682291666666667 0.1638888888888889 0.040625 0.05740740740740741
4 0.565625 0.10925925925925926 0.03125 0.06296296296296297
4 0.6083333333333333 0.08611111111111111 0.03333333333333333 0.04259259259259259
5 0.4822916666666667 0.1425925925925926 0.07708333333333334 0.06666666666666667
4 0.5546875 0.05277777777777778 0.021875 0.03888888888888889
4 0.9145833333333333 0.4 0.12916666666666665 0.13333333333333333
3 0.4635416666666667 0.3861111111111111 0.1375 0.3944444444444445