5 0.6046875 0.43333333333333335 0.06770833333333333 0.17777777777777778
4 0.7890625 0.5444444444444445 0.10729166666666666 0.17777777777777778
4 0.81875 0.23703703703703705 0.05 0.05925925925925926
4 0.7682291666666666 0.14537037037037037 0.030208333333333334 0.04259259259259259
4 0.7942708333333334 0.17037037037037037 0.036458333333333336 0.04814814814814815
4 0.7328125 0.16111111111111112 0.03229166666666666 0.04814814814814815
4 0.7276041666666666 0.11944444444444445 0.028125 0.03888888888888889
4 0.7140625 0.14351851851851852 0.028125 0.04259259259259259
4 0.8270833333333333 0.2740740740740741 0.058333333333333334 0.07407407407407407
4 0.6625 0.27685185185185185 0.04791666666666666 0.07962962962962963
4 0.5760416666666667 0.2351851851851852 0.03958333333333333 0.07037037037037037
4 0.5958333333333333 0.18611111111111112 0.03333333333333333 0.053703703703703705
4 0.5286458333333334 0.17037037037037037 0.028125 0.04814814814814815
4 0.575 0.15092592592592594 0.025 0.04259259259259259
4 0.5671875 0.13148148148148148 0.02395833333333333 0.037037037037037035
3 0.8515625 0.17222222222222222 0.09479166666666666 0.14074074074074075
3 0.9661458333333334 0.2490740740740741 0.065625 0.2425925925925926