4 0.47604166666666664 0.13425925925925927 0.025 0.08333333333333334
5 0.625 0.4601851851851852 0.09166666666666666 0.1685185185185185
4 0.5890625 0.23981481481481481 0.05520833333333333 0.09074074074074075
4 0.7765625 0.4537037037037037 0.11770833333333333 0.2111111111111111
4 0.725 0.061111111111111116 0.03125 0.040740740740740744
4 0.5697916666666667 0.16481481481481483 0.04375 0.06296296296296297
4 0.5635416666666666 0.10925925925925926 0.035416666666666666 0.06296296296296297
4 0.60625 0.08611111111111111 0.03125 0.04259259259259259
5 0.48385416666666664 0.14166666666666666 0.06770833333333333 0.07592592592592592
4 0.553125 0.05185185185185186 0.022916666666666665 0.037037037037037035
4 0.8994791666666666 0.3768518518518519 0.11770833333333333 0.1388888888888889
3 0.4614583333333333 0.3990740740740741 0.13958333333333334 0.40185185185185185