5 0.1640625 0.8092592592592593 0.19479166666666667 0.3148148148148148
4 0.6119791666666666 0.1675925925925926 0.03854166666666667 0.061111111111111116
4 0.63125 0.2851851851851852 0.058333333333333334 0.08888888888888889
4 0.4125 0.15555555555555556 0.03333333333333333 0.05555555555555556
4 0.4765625 0.11388888888888889 0.028125 0.0462962962962963
4 0.5223958333333333 0.09074074074074075 0.02395833333333333 0.040740740740740744
4 0.64375 0.40185185185185185 0.08125 0.12592592592592594
4 0.8395833333333333 0.5740740740740741 0.13541666666666666 0.1925925925925926
4 0.5046875 0.06759259259259259 0.02395833333333333 0.03518518518518519
4 0.8088541666666667 0.8898148148148148 0.20104166666666667 0.21666666666666667
3 0.9307291666666666 0.4444444444444445 0.13645833333333332 0.40370370370370373
3 0.75 0.30092592592592593 0.14166666666666666 0.29814814814814816
3 0.33541666666666664 0.275 0.1125 0.2425925925925926