4 0.5963541666666666 0.09351851851851853 0.026041666666666668 0.03888888888888889
5 0.4088541666666667 0.3 0.06354166666666666 0.13703703703703704
4 0.6208333333333333 0.25 0.052083333333333336 0.08888888888888889
4 0.6567708333333333 0.45555555555555555 0.09270833333333334 0.14444444444444446
4 0.43333333333333335 0.12407407407407407 0.027083333333333334 0.04814814814814815
4 0.48541666666666666 0.09166666666666667 0.022916666666666665 0.04259259259259259
4 0.5255208333333333 0.07222222222222223 0.021875 0.03333333333333333
4 0.7213541666666666 0.7453703703703703 0.15729166666666666 0.2537037037037037
3 0.9333333333333333 0.44351851851851853 0.13125 0.38333333333333336
3 0.8145833333333333 0.4222222222222222 0.2125 0.4222222222222222
3 0.3848958333333333 0.18611111111111112 0.07604166666666666 0.16111111111111112