4 0.47812499999999997 0.20833333333333334 0.058333333333333334 0.07222222222222223
4 0.5682291666666667 0.25 0.06145833333333333 0.1
4 0.5807291666666666 0.16574074074074074 0.042708333333333334 0.06851851851851852
4 0.684375 0.4462962962962963 0.0875 0.16296296296296298
4 0.7296875 0.0962962962962963 0.034375 0.05555555555555556
4 0.6520833333333333 0.1675925925925926 0.041666666666666664 0.07592592592592592
4 0.8614583333333333 0.16481481481481483 0.052083333333333336 0.07407407407407407
4 0.5890625 0.11574074074074074 0.036458333333333336 0.06851851851851852
4 0.640625 0.10925925925925926 0.0375 0.07037037037037037
4 0.9140625 0.22685185185185186 0.071875 0.09444444444444444
3 0.48854166666666665 0.11481481481481481 0.12708333333333333 0.14444444444444446