4 0.40520833333333334 0.85 0.17916666666666667 0.2962962962962963
4 0.46875 0.2138888888888889 0.052083333333333336 0.08333333333333334
4 0.6703125 0.600925925925926 0.13229166666666667 0.3092592592592593
4 0.5078125 0.3842592592592593 0.08854166666666667 0.1685185185185185
4 0.6458333333333334 0.16944444444444445 0.04583333333333333 0.07962962962962963
4 0.5953125 0.10092592592592593 0.030208333333333334 0.053703703703703705
4 0.725 0.10555555555555556 0.0375 0.06296296296296297
4 0.7770833333333333 0.09907407407407408 0.03958333333333333 0.05740740740740741
4 0.8276041666666667 0.08240740740740742 0.03854166666666667 0.05740740740740741
4 0.7833333333333333 0.05555555555555556 0.03333333333333333 0.04814814814814815
4 0.975 0.07592592592592592 0.04791666666666666 0.06296296296296297
4 0.5546875 0.24351851851851852 0.059375 0.09814814814814815
5 0.5729166666666666 0.13055555555555556 0.0375 0.08703703703703704
4 0.7770833333333333 0.25 0.07083333333333333 0.0962962962962963
4 0.64375 0.08240740740740742 0.03333333333333333 0.053703703703703705
3 0.4864583333333333 0.10833333333333334 0.12708333333333333 0.15