4 0.33125 0.22222222222222224 0.05416666666666667 0.06296296296296297
4 0.40260416666666665 0.2888888888888889 0.057291666666666664 0.08888888888888889
4 0.4942708333333333 0.2657407407407408 0.05520833333333333 0.09074074074074075
4 0.6166666666666667 0.12407407407407407 0.01875 0.044444444444444446
4 0.73125 0.2212962962962963 0.05 0.07222222222222223
4 0.4875 0.12222222222222223 0.03333333333333333 0.05555555555555556
4 0.6140625 0.23703703703703705 0.051041666666666666 0.08148148148148149
4 0.5109375 0.17777777777777778 0.036458333333333336 0.06296296296296297
5 0.4661458333333333 0.10277777777777779 0.034375 0.061111111111111116
4 0.725 0.31851851851851853 0.075 0.11481481481481481
4 0.6270833333333333 0.3148148148148148 0.07291666666666667 0.11481481481481481
4 0.525 0.12314814814814816 0.027083333333333334 0.053703703703703705
4 0.8322916666666667 0.5203703703703704 0.12708333333333333 0.1814814814814815
3 0.8520833333333333 0.27870370370370373 0.1625 0.2425925925925926
3 0.6572916666666666 0.14907407407407408 0.07291666666666667 0.1537037037037037