5 0.6713541666666667 0.5675925925925926 0.103125 0.24629629629629632
4 0.7651041666666667 0.03981481481481482 0.021875 0.03518518518518519
4 0.6505208333333333 0.3212962962962963 0.06770833333333333 0.11666666666666667
4 0.5255208333333333 0.1277777777777778 0.036458333333333336 0.06296296296296297
5 0.6020833333333333 0.16018518518518518 0.04791666666666666 0.10555555555555556
4 0.8166666666666667 0.45740740740740743 0.11041666666666666 0.17037037037037037
5 0.7817708333333333 0.06851851851851852 0.040625 0.06666666666666667
4 0.5473958333333333 0.29074074074074074 0.04895833333333333 0.10740740740740741
4 0.5828125 0.11851851851851852 0.030208333333333334 0.06666666666666667
4 0.8239583333333333 0.11666666666666667 0.05 0.06666666666666667
4 0.6776041666666667 0.13148148148148148 0.04895833333333333 0.07777777777777778
4 0.5541666666666667 0.0638888888888889 0.025 0.0462962962962963
4 0.9364583333333333 0.23055555555555557 0.07291666666666667 0.10185185185185186
4 0.6020833333333333 0.03888888888888889 0.03125 0.04814814814814815
3 0.4588541666666667 0.47500000000000003 0.17604166666666665 0.4759259259259259