4 0.696875 0.05092592592592593 0.020833333333333332 0.03888888888888889
4 0.709375 0.061111111111111116 0.027083333333333334 0.037037037037037035
4 0.39739583333333334 0.2425925925925926 0.08854166666666667 0.08148148148148149
4 0.734375 0.06666666666666667 0.022916666666666665 0.03333333333333333
4 0.753125 0.04722222222222222 0.020833333333333332 0.024074074074074074
4 0.7307291666666667 0.036111111111111115 0.017708333333333333 0.024074074074074074
4 0.7671875 0.024074074074074074 0.019791666666666666 0.02962962962962963
4 0.7713541666666667 0.06759259259259259 0.026041666666666668 0.05
4 0.7578125 0.08888888888888889 0.030208333333333334 0.04814814814814815
4 0.7578125 0.07777777777777778 0.019791666666666666 0.03333333333333333
4 0.6 0.29814814814814816 0.05625 0.10740740740740741
4 0.5463541666666667 0.14537037037037037 0.03229166666666666 0.05740740740740741
4 0.6848958333333334 0.2537037037037037 0.057291666666666664 0.08888888888888889
4 0.7328125 0.11018518518518519 0.030208333333333334 0.0462962962962963
4 0.7916666666666666 0.11388888888888889 0.03125 0.0462962962962963
4 0.6432291666666666 0.15185185185185185 0.042708333333333334 0.06296296296296297
4 0.803125 0.1398148148148148 0.04375 0.061111111111111116
5 0.7463541666666667 0.15 0.04479166666666667 0.07777777777777778
4 0.6234375 0.08518518518518518 0.026041666666666668 0.044444444444444446
4 0.9041666666666667 0.2537037037037037 0.07708333333333334 0.10740740740740741
3 0.54375 0.03981481481481482 0.03333333333333333 0.07962962962962963