4 0.6682291666666667 0.8592592592592593 0.15729166666666666 0.2777777777777778
4 0.7427083333333333 0.04259259259259259 0.03125 0.044444444444444446
4 0.834375 0.5203703703703704 0.125 0.1925925925925926
4 0.6359375 0.28611111111111115 0.065625 0.10925925925925926
4 0.7703125 0.061111111111111116 0.034375 0.04814814814814815
4 0.6020833333333333 0.1953703703703704 0.04791666666666666 0.07962962962962963
4 0.7411458333333333 0.2935185185185185 0.071875 0.11296296296296297
4 0.7010416666666667 0.037037037037037035 0.025 0.037037037037037035
4 0.8348958333333333 0.07407407407407407 0.03854166666666667 0.04814814814814815
4 0.8104166666666667 0.10462962962962963 0.04375 0.053703703703703705
5 0.6052083333333333 0.1277777777777778 0.03333333333333333 0.07037037037037037
4 0.8468749999999999 0.13611111111111113 0.04791666666666666 0.061111111111111116
4 0.6010416666666667 0.08240740740740742 0.029166666666666667 0.04259259259259259
4 0.928125 0.1712962962962963 0.058333333333333334 0.07592592592592592
4 0.8510416666666667 0.2351851851851852 0.06875 0.1
4 0.5416666666666666 0.04814814814814815 0.022916666666666665 0.044444444444444446
5 0.5880208333333333 0.04166666666666667 0.026041666666666668 0.053703703703703705
4 0.6369791666666667 0.04259259259259259 0.028125 0.044444444444444446
3 0.4869791666666667 0.32407407407407407 0.13229166666666667 0.32592592592592595