4 0.6484375 0.5046296296296297 0.11145833333333333 0.19444444444444445
5 0.609375 0.3037037037037037 0.05625 0.15185185185185185
4 0.7234375 0.2990740740740741 0.08020833333333333 0.12037037037037038
4 0.615625 0.16944444444444445 0.04583333333333333 0.07962962962962963
4 0.8041666666666667 0.049074074074074076 0.035416666666666666 0.04259259259259259
4 0.7541666666666667 0.05277777777777778 0.03333333333333333 0.0462962962962963
4 0.7666666666666666 0.075 0.0375 0.05
4 0.7671875 0.10833333333333334 0.03854166666666667 0.06481481481481481
4 0.5291666666666667 0.26666666666666666 0.06875 0.10370370370370371
4 0.8453125 0.14444444444444446 0.05520833333333333 0.07037037037037037
4 0.6557291666666667 0.10370370370370371 0.036458333333333336 0.06296296296296297
4 0.5963541666666666 0.0712962962962963 0.030208333333333334 0.0462962962962963
4 0.9166666666666666 0.1851851851851852 0.06458333333333333 0.0925925925925926
4 0.84375 0.23148148148148148 0.06875 0.0962962962962963
4 0.9229166666666666 0.13333333333333333 0.05625 0.07037037037037037
3 0.5411458333333333 0.08240740740740742 0.053125 0.13148148148148148