4 0.6208333333333333 0.29814814814814816 0.07083333333333333 0.11851851851851852
4 0.8322916666666667 0.4990740740740741 0.12083333333333333 0.18333333333333335
5 0.6072916666666667 0.19074074074074074 0.04791666666666666 0.10370370370370371
4 0.7901041666666666 0.04166666666666667 0.034375 0.0462962962962963
4 0.6697916666666667 0.17314814814814816 0.058333333333333334 0.07962962962962963
4 0.7453125 0.05185185185185186 0.034375 0.05185185185185186
4 0.6088541666666667 0.11203703703703705 0.036458333333333336 0.053703703703703705
4 0.8473958333333333 0.0787037037037037 0.04479166666666667 0.05
4 0.8072916666666666 0.09722222222222222 0.04375 0.053703703703703705
4 0.8161458333333333 0.12962962962962962 0.04895833333333333 0.06296296296296297
4 0.8317708333333333 0.21851851851851853 0.065625 0.1
4 0.49635416666666665 0.2101851851851852 0.06979166666666667 0.08703703703703704
4 0.9260416666666667 0.22314814814814815 0.075 0.09444444444444444
4 0.6375 0.05092592592592593 0.027083333333333334 0.04259259259259259
4 0.5916666666666667 0.036111111111111115 0.022916666666666665 0.03888888888888889
3 0.5453125 0.04722222222222222 0.040625 0.09444444444444444