4 0.6453125 0.34444444444444444 0.07395833333333333 0.13703703703703704
4 0.5760416666666667 0.27592592592592596 0.058333333333333334 0.10370370370370371
5 0.615625 0.21296296296296297 0.05 0.10740740740740741
4 0.840625 0.5824074074074075 0.13958333333333334 0.23148148148148148
4 0.55625 0.18796296296296297 0.052083333333333336 0.07962962962962963
4 0.7614583333333333 0.32222222222222224 0.09375 0.16296296296296298
4 0.6067708333333334 0.14537037037037037 0.04895833333333333 0.07592592592592592
5 0.6895833333333333 0.16111111111111112 0.04791666666666666 0.1
4 0.7875 0.06481481481481481 0.03333333333333333 0.04814814814814815
4 0.6520833333333333 0.1175925925925926 0.0375 0.07222222222222223
4 0.8541666666666666 0.08240740740740742 0.04375 0.053703703703703705
4 0.81875 0.1212962962962963 0.05 0.061111111111111116
4 0.6552083333333333 0.08518518518518518 0.03333333333333333 0.040740740740740744
4 0.59375 0.05740740740740741 0.03125 0.04814814814814815
4 0.9354166666666667 0.2212962962962963 0.07291666666666667 0.08703703703703704
3 0.45625 0.5805555555555556 0.22083333333333333 0.6648148148148149