4 0.58125 0.30833333333333335 0.08125 0.11666666666666667
5 0.7213541666666666 0.8212962962962963 0.20104166666666667 0.32037037037037036
4 0.634375 0.5425925925925926 0.1125 0.20740740740740743
4 0.9229166666666666 0.8 0.15208333333333332 0.3592592592592593
3 0.5015625 0.08611111111111111 0.057291666666666664 0.17222222222222222
4 0.5880208333333333 0.1685185185185185 0.03854166666666667 0.07037037037037037
4 0.7296875 0.325 0.08854166666666667 0.13518518518518519
4 0.6505208333333333 0.1574074074074074 0.04895833333333333 0.06296296296296297
5 0.6338541666666666 0.1 0.042708333333333334 0.07037037037037037
4 0.5682291666666667 0.08148148148148149 0.030208333333333334 0.044444444444444446
4 0.7619791666666667 0.11944444444444445 0.04895833333333333 0.061111111111111116
4 0.5833333333333334 0.05185185185185186 0.025 0.040740740740740744
3 0.4479166666666667 0.4759259259259259 0.18125 0.5222222222222223