4 0.3333333333333333 0.22962962962962963 0.05 0.06666666666666667
4 0.4510416666666667 0.6472222222222223 0.13958333333333334 0.2833333333333333
5 0.25 0.5583333333333333 0.15625 0.3055555555555556
4 0.6380208333333334 0.12962962962962962 0.028125 0.05185185185185186
4 0.5765625 0.10185185185185186 0.026041666666666668 0.040740740740740744
4 0.6911458333333333 0.16574074074074074 0.034375 0.061111111111111116
4 0.6833333333333333 0.2175925925925926 0.052083333333333336 0.08703703703703704
4 0.40781249999999997 0.33055555555555555 0.06354166666666666 0.09444444444444444
4 0.34375 0.30648148148148147 0.0625 0.09074074074074075
4 0.5130208333333334 0.1851851851851852 0.03854166666666667 0.05925925925925926
4 0.75625 0.26851851851851855 0.058333333333333334 0.08518518518518518
4 0.44687499999999997 0.17592592592592593 0.0375 0.05555555555555556
4 0.4848958333333333 0.10925925925925926 0.026041666666666668 0.044444444444444446
4 0.5276041666666667 0.1388888888888889 0.030208333333333334 0.044444444444444446
4 0.8088541666666667 0.5055555555555555 0.11562499999999999 0.16296296296296298
3 0.6890625 0.10185185185185186 0.059375 0.1