4 0.33541666666666664 0.22962962962962963 0.04791666666666666 0.07407407407407407
4 0.434375 0.7648148148148148 0.15625 0.34074074074074073
5 0.2046875 0.6564814814814816 0.17395833333333333 0.3648148148148148
4 0.6375 0.12407407407407407 0.03125 0.04814814814814815
4 0.5760416666666667 0.09537037037037037 0.022916666666666665 0.03888888888888889
4 0.6890625 0.16203703703703703 0.036458333333333336 0.061111111111111116
4 0.6791666666666667 0.20555555555555557 0.052083333333333336 0.08148148148148149
4 0.39166666666666666 0.3675925925925926 0.06875 0.09814814814814815
4 0.3223958333333333 0.3416666666666667 0.07395833333333333 0.09814814814814815
4 0.5083333333333333 0.19351851851851853 0.0375 0.05740740740740741
4 0.7484375 0.2537037037037037 0.057291666666666664 0.08888888888888889
4 0.44375 0.18611111111111112 0.03958333333333333 0.05740740740740741
4 0.4828125 0.11574074074074074 0.030208333333333334 0.0462962962962963
4 0.528125 0.14444444444444446 0.03333333333333333 0.05185185185185186
4 0.7895833333333333 0.45925925925925926 0.09791666666666667 0.15185185185185185
3 0.6838541666666667 0.09907407407407408 0.057291666666666664 0.09444444444444444