4 0.33229166666666665 0.22037037037037038 0.04583333333333333 0.06666666666666667
4 0.3125 0.5074074074074074 0.09791666666666667 0.14814814814814814
4 0.4401041666666667 0.5990740740740741 0.11145833333333333 0.20185185185185187
4 0.7182291666666667 0.15833333333333333 0.040625 0.053703703703703705
4 0.48333333333333334 0.15555555555555556 0.041666666666666664 0.06666666666666667
4 0.59375 0.16944444444444445 0.041666666666666664 0.06481481481481481
4 0.4942708333333333 0.2916666666666667 0.057291666666666664 0.10185185185185186
5 0.4421875 0.13148148148148148 0.040625 0.08148148148148149
4 0.6848958333333334 0.23055555555555557 0.057291666666666664 0.09074074074074075
4 0.6046875 0.2138888888888889 0.051041666666666666 0.08703703703703704
4 0.5140625 0.19074074074074074 0.03854166666666667 0.07407407407407407
4 0.7697916666666667 0.35462962962962963 0.08541666666666667 0.13148148148148148
4 0.8317708333333333 0.5101851851851852 0.13020833333333334 0.21296296296296297
4 0.4875 0.09814814814814815 0.029166666666666667 0.044444444444444446
3 0.7979166666666666 0.21574074074074076 0.12083333333333333 0.19074074074074074
3 0.6411458333333333 0.12407407407407407 0.065625 0.13333333333333333