4 0.471875 0.20370370370370372 0.05416666666666667 0.07407407407407407
4 0.4942708333333333 0.3842592592592593 0.090625 0.1685185185185185
4 0.6265625 0.43333333333333335 0.090625 0.17407407407407408
4 0.5546875 0.23333333333333334 0.05520833333333333 0.0925925925925926
4 0.7291666666666666 0.07962962962962963 0.0375 0.05555555555555556
4 0.6421875 0.27222222222222225 0.057291666666666664 0.10740740740740741
5 0.5796875 0.13518518518518519 0.04895833333333333 0.10740740740740741
5 0.7796875 0.06574074074074074 0.03854166666666667 0.06851851851851852
4 0.44947916666666665 0.17962962962962964 0.078125 0.07037037037037037
4 0.7890625 0.125 0.046875 0.06481481481481481
4 0.7661458333333333 0.18796296296296297 0.057291666666666664 0.08333333333333334
4 0.8927083333333333 0.19166666666666668 0.07291666666666667 0.08703703703703704
4 0.6052083333333333 0.10092592592592593 0.03333333333333333 0.05740740740740741
4 0.9744791666666667 0.37777777777777777 0.04895833333333333 0.14814814814814814
3 0.4895833333333333 0.09907407407407408 0.12708333333333333 0.1537037037037037