4 0.6994791666666667 0.05648148148148149 0.019791666666666666 0.03888888888888889
4 0.7114583333333333 0.0638888888888889 0.022916666666666665 0.03888888888888889
4 0.4375 0.22962962962962963 0.08333333333333333 0.07777777777777778
4 0.7354166666666666 0.0712962962962963 0.027083333333333334 0.03888888888888889
4 0.7614583333333333 0.05462962962962963 0.022916666666666665 0.024074074074074074
4 0.7401041666666667 0.04166666666666667 0.019791666666666666 0.020370370370370372
4 0.775 0.031481481481481485 0.022916666666666665 0.02962962962962963
4 0.7760416666666666 0.07314814814814816 0.025 0.053703703703703705
4 0.7630208333333334 0.1 0.030208333333333334 0.05185185185185186
4 0.7510416666666666 0.08240740740740742 0.01875 0.02777777777777778
4 0.5989583333333334 0.24814814814814815 0.04791666666666666 0.08518518518518518
4 0.5510416666666667 0.13333333333333333 0.027083333333333334 0.05185185185185186
4 0.6614583333333334 0.1962962962962963 0.04583333333333333 0.07407407407407407
4 0.7390625 0.12685185185185185 0.034375 0.053703703703703705
4 0.7958333333333333 0.1287037037037037 0.03125 0.0462962962962963
4 0.63125 0.125 0.03333333333333333 0.05740740740740741
4 0.8182291666666667 0.1564814814814815 0.042708333333333334 0.06481481481481481
5 0.7635416666666667 0.17592592592592593 0.052083333333333336 0.08518518518518518
4 0.6208333333333333 0.06944444444444445 0.022916666666666665 0.04259259259259259
4 0.9583333333333334 0.3194444444444445 0.08125 0.12037037037037038
3 0.5447916666666667 0.03518518518518519 0.03125 0.07037037037037037