4 0.46458333333333335 0.1925925925925926 0.05625 0.07777777777777778
5 0.678125 0.6074074074074074 0.13958333333333334 0.3148148148148148
4 0.6395833333333333 0.3962962962962963 0.08541666666666667 0.12962962962962962
4 0.5473958333333333 0.17592592592592593 0.042708333333333334 0.07407407407407407
4 0.7760416666666666 0.05740740740740741 0.03125 0.05185185185185186
4 0.7130208333333333 0.28240740740740744 0.084375 0.1277777777777778
4 0.5651041666666666 0.12962962962962962 0.03229166666666666 0.06296296296296297
4 0.6348958333333333 0.12407407407407407 0.040625 0.05925925925925926
4 0.6703125 0.16574074074074074 0.046875 0.07592592592592592
4 0.8130208333333333 0.14444444444444446 0.046875 0.07037037037037037
4 0.5546875 0.06481481481481481 0.028125 0.044444444444444446
3 0.45468749999999997 0.48333333333333334 0.184375 0.4777777777777778