4 0.4692708333333333 0.21666666666666667 0.053125 0.07777777777777778
4 0.6890625 0.8814814814814815 0.184375 0.23333333333333334
4 0.44427083333333334 0.562962962962963 0.13020833333333334 0.24814814814814815
4 0.6505208333333333 0.22592592592592595 0.053125 0.0925925925925926
4 0.5942708333333333 0.1175925925925926 0.03229166666666666 0.05740740740740741
4 0.715625 0.0787037037037037 0.03125 0.05
4 0.7630208333333334 0.07962962962962963 0.034375 0.05185185185185186
4 0.8088541666666667 0.06851851851851852 0.034375 0.05555555555555556
4 0.53125 0.32222222222222224 0.075 0.12962962962962962
5 0.5640625 0.1537037037037037 0.03854166666666667 0.0925925925925926
4 0.7536458333333333 0.19074074074074074 0.057291666666666664 0.07777777777777778
4 0.6473958333333333 0.10092592592592593 0.034375 0.053703703703703705
4 0.921875 0.28055555555555556 0.08333333333333333 0.10925925925925926
4 0.8989583333333333 0.47222222222222227 0.11666666666666667 0.16666666666666669
4 0.5609375 0.0962962962962963 0.03229166666666666 0.05925925925925926
3 0.4869791666666667 0.11111111111111112 0.128125 0.15555555555555556