4 0.4973958333333333 0.1638888888888889 0.03229166666666666 0.05740740740740741
4 0.5807291666666666 0.2 0.04479166666666667 0.07037037037037037
4 0.7458333333333333 0.4064814814814815 0.09375 0.13518518518518519
5 0.5182291666666666 0.19444444444444445 0.040625 0.08888888888888889
4 0.5614583333333333 0.14444444444444446 0.035416666666666666 0.05555555555555556
4 0.703125 0.11944444444444445 0.04375 0.053703703703703705
4 0.7364583333333333 0.10648148148148148 0.041666666666666664 0.061111111111111116
4 0.5734375 0.10185185185185186 0.036458333333333336 0.05555555555555556
4 0.63125 0.13518518518518519 0.04375 0.06296296296296297
4 0.8427083333333333 0.2212962962962963 0.06875 0.09074074074074075
4 0.5661458333333333 0.04259259259259259 0.021875 0.037037037037037035
3 0.5171875 0.03518518518518519 0.034375 0.07037037037037037
3 0.4505208333333333 0.47685185185185186 0.16979166666666667 0.5092592592592593