5 0.24479166666666666 0.8148148148148149 0.22291666666666665 0.3666666666666667
4 0.48333333333333334 0.20833333333333334 0.0625 0.06851851851851852
4 0.7171875 0.07222222222222223 0.03229166666666666 0.05185185185185186
4 0.5770833333333333 0.22592592592592595 0.058333333333333334 0.08888888888888889
4 0.584375 0.1574074074074074 0.041666666666666664 0.06296296296296297
4 0.6744791666666666 0.3601851851851852 0.071875 0.1277777777777778
4 0.7369791666666666 0.11944444444444445 0.040625 0.05740740740740741
4 0.6505208333333333 0.1527777777777778 0.040625 0.06851851851851852
4 0.871875 0.19814814814814816 0.0625 0.08148148148148149
4 0.5901041666666667 0.11574074074074074 0.034375 0.061111111111111116
4 0.6380208333333334 0.10555555555555556 0.036458333333333336 0.07037037037037037
4 0.9375 0.26666666666666666 0.07916666666666666 0.10370370370370371
3 0.4869791666666667 0.12685185185185185 0.12395833333333334 0.1574074074074074