4 0.7994791666666666 0.15092592592592594 0.03229166666666666 0.05
4 0.75 0.16111111111111112 0.0375 0.05185185185185186
4 0.540625 0.600925925925926 0.11458333333333333 0.19814814814814816
4 0.5567708333333333 0.41203703703703703 0.06979166666666667 0.1277777777777778
4 0.6010416666666667 0.27222222222222225 0.04583333333333333 0.08518518518518518
4 0.590625 0.21944444444444444 0.03958333333333333 0.06851851851851852
4 0.9317708333333333 0.25462962962962965 0.057291666666666664 0.07222222222222223
4 0.6052083333333333 0.14537037037037037 0.03125 0.05
4 0.571875 0.10925925925925926 0.025 0.044444444444444446
3 0.7703125 0.09351851851851853 0.06145833333333333 0.09444444444444444
3 0.8692708333333333 0.14814814814814814 0.10520833333333333 0.17777777777777778