4 0.3307291666666667 0.2212962962962963 0.057291666666666664 0.06481481481481481
4 0.4088541666666667 0.275 0.05520833333333333 0.08703703703703704
4 0.49635416666666665 0.2518518518518519 0.051041666666666666 0.0925925925925926
4 0.615625 0.12592592592592594 0.01875 0.04814814814814815
4 0.7286458333333333 0.22592592592592595 0.051041666666666666 0.07037037037037037
4 0.48854166666666665 0.11944444444444445 0.03333333333333333 0.053703703703703705
4 0.6161458333333333 0.24351851851851852 0.04895833333333333 0.08333333333333334
4 0.5114583333333333 0.17037037037037037 0.035416666666666666 0.06296296296296297
5 0.46822916666666664 0.09722222222222222 0.034375 0.061111111111111116
4 0.7302083333333333 0.32685185185185184 0.07708333333333334 0.12037037037037038
4 0.6296875 0.3231481481481482 0.07395833333333333 0.12037037037037038
4 0.5255208333333333 0.11666666666666667 0.026041666666666668 0.04814814814814815
4 0.8427083333333333 0.5398148148148149 0.13541666666666666 0.19444444444444445
3 0.8572916666666667 0.2851851851851852 0.16666666666666666 0.24814814814814815
3 0.6588541666666666 0.14907407407407408 0.07395833333333333 0.1537037037037037