4 0.5078125 0.1925925925925926 0.040625 0.07037037037037037
4 0.6244791666666667 0.4287037037037037 0.08020833333333333 0.1574074074074074
5 0.5572916666666666 0.26203703703703707 0.07916666666666666 0.1277777777777778
4 0.5875 0.21574074074074076 0.05 0.08333333333333334
4 0.6473958333333333 0.032407407407407406 0.02395833333333333 0.031481481481481485
4 0.7041666666666666 0.2962962962962963 0.08125 0.14074074074074075
4 0.6963541666666666 0.05 0.034375 0.040740740740740744
4 0.6015625 0.11851851851851852 0.042708333333333334 0.07037037037037037
3 0.5135416666666667 0.05277777777777778 0.041666666666666664 0.10555555555555556
4 0.7666666666666666 0.08518518518518518 0.04583333333333333 0.06296296296296297
4 0.5578125 0.061111111111111116 0.026041666666666668 0.040740740740740744
4 0.6109375 0.06759259259259259 0.030208333333333334 0.03888888888888889
4 0.8671875 0.30185185185185187 0.09895833333333333 0.12592592592592594
4 0.5755208333333334 0.04537037037037037 0.026041666666666668 0.04259259259259259
3 0.45260416666666664 0.4703703703703704 0.16979166666666667 0.5148148148148148