4 0.44947916666666665 0.6759259259259259 0.140625 0.25925925925925924
4 0.46822916666666664 0.2138888888888889 0.053125 0.07962962962962963
4 0.6625 0.4638888888888889 0.10416666666666667 0.2388888888888889
4 0.5302083333333333 0.31851851851851853 0.075 0.14074074074074075
4 0.6447916666666667 0.1462962962962963 0.041666666666666664 0.07037037037037037
4 0.5958333333333333 0.09722222222222222 0.03125 0.053703703703703705
4 0.7338541666666667 0.125 0.040625 0.061111111111111116
4 0.7869791666666667 0.11944444444444445 0.042708333333333334 0.06481481481481481
4 0.8395833333333333 0.0962962962962963 0.04375 0.06296296296296297
4 0.7890625 0.06851851851851852 0.036458333333333336 0.05185185185185186
4 0.9703125 0.07592592592592592 0.057291666666666664 0.05925925925925926
4 0.5635416666666666 0.21203703703703705 0.052083333333333336 0.08703703703703704
5 0.5776041666666667 0.12222222222222223 0.034375 0.08148148148148149
4 0.7994791666666666 0.2990740740740741 0.084375 0.11296296296296297
3 0.48593749999999997 0.11111111111111112 0.12604166666666666 0.15555555555555556