4 0.3302083333333333 0.22314814814814815 0.04583333333333333 0.07222222222222223
4 0.21822916666666667 0.7231481481481482 0.146875 0.23148148148148148
4 0.703125 0.14166666666666666 0.0375 0.053703703703703705
4 0.48593749999999997 0.17592592592592593 0.040625 0.07407407407407407
4 0.5880208333333333 0.14907407407407408 0.034375 0.053703703703703705
4 0.4786458333333333 0.40185185185185185 0.07604166666666666 0.12962962962962962
5 0.43124999999999997 0.1537037037037037 0.04375 0.0962962962962963
4 0.6729166666666666 0.20092592592592592 0.04791666666666666 0.07962962962962963
4 0.5947916666666666 0.18796296296296297 0.041666666666666664 0.06851851851851852
4 0.5057291666666667 0.23981481481481481 0.046875 0.08703703703703704
4 0.75625 0.3148148148148148 0.075 0.11481481481481481
4 0.7916666666666666 0.4240740740740741 0.10625 0.16666666666666669
4 0.4822916666666667 0.11388888888888889 0.027083333333333334 0.03888888888888889
4 0.44375 0.10462962962962963 0.022916666666666665 0.03518518518518519
4 0.5197916666666667 0.08703703703703704 0.020833333333333332 0.03333333333333333
3 0.7760416666666666 0.19074074074074074 0.10625 0.17037037037037037
3 0.634375 0.11666666666666667 0.05625 0.12592592592592594