4 0.809375 0.8083333333333333 0.22083333333333333 0.28703703703703703
3 0.4947916666666667 0.11111111111111112 0.07083333333333333 0.22222222222222224
4 0.6239583333333333 0.33981481481481485 0.07291666666666667 0.1277777777777778
4 0.7588541666666666 0.39351851851851855 0.09270833333333334 0.1388888888888889
5 0.6963541666666666 0.22314814814814815 0.065625 0.12037037037037038
4 0.59375 0.1824074074074074 0.04375 0.07222222222222223
4 0.6885416666666666 0.03981481481481482 0.027083333333333334 0.03888888888888889
4 0.5953125 0.125 0.03854166666666667 0.05
4 0.5645833333333333 0.07222222222222223 0.027083333333333334 0.040740740740740744
4 0.771875 0.12314814814814816 0.05 0.06481481481481481
4 0.9307291666666666 0.18981481481481483 0.07395833333333333 0.08703703703703704
3 0.434375 0.6444444444444445 0.25 0.7074074074074075