4 0.48020833333333335 0.6777777777777778 0.13125 0.24074074074074076
4 0.5427083333333333 0.38703703703703707 0.06875 0.11111111111111112
4 0.45416666666666666 0.37777777777777777 0.06458333333333333 0.10740740740740741
4 0.6677083333333333 0.5046296296296297 0.08958333333333333 0.1685185185185185
4 0.5692708333333333 0.27222222222222225 0.04895833333333333 0.08148148148148149
4 0.6458333333333334 0.28425925925925927 0.04791666666666666 0.08333333333333334
4 0.5916666666666667 0.20370370370370372 0.041666666666666664 0.05925925925925926
4 0.90625 0.3314814814814815 0.07916666666666666 0.0962962962962963
4 0.5979166666666667 0.16203703703703703 0.03333333333333333 0.0462962962962963
4 0.6479166666666667 0.16296296296296298 0.03125 0.05185185185185186
3 0.49322916666666666 0.17962962962962964 0.13020833333333334 0.15185185185185185