3 0.48802083333333335 0.14537037037037037 0.08020833333333333 0.2425925925925926
4 0.6947916666666667 0.725 0.15208333333333332 0.29074074074074074
5 0.8135416666666666 0.4518518518518519 0.13125 0.24074074074074076
4 0.621875 0.3194444444444445 0.07291666666666667 0.1277777777777778
4 0.5989583333333334 0.2064814814814815 0.05625 0.09814814814814815
4 0.5765625 0.11388888888888889 0.036458333333333336 0.05
4 0.7119791666666666 0.05925925925925926 0.026041666666666668 0.037037037037037035
4 0.7994791666666666 0.08611111111111111 0.04479166666666667 0.05
4 0.6057291666666667 0.06666666666666667 0.030208333333333334 0.044444444444444446
4 0.5416666666666666 0.05092592592592593 0.027083333333333334 0.03518518518518519
4 0.7546875 0.16203703703703703 0.057291666666666664 0.07962962962962963
4 0.47812499999999997 0.1287037037037037 0.07083333333333333 0.05740740740740741
4 0.8979166666666667 0.23333333333333334 0.0875 0.0925925925925926
3 0.409375 0.7157407407407408 0.33125 0.5648148148148149