4 0.509375 0.19722222222222224 0.041666666666666664 0.07222222222222223
4 0.6276041666666666 0.4564814814814815 0.08229166666666667 0.16481481481481483
5 0.5635416666666666 0.27222222222222225 0.07916666666666666 0.12962962962962962
4 0.5885416666666666 0.22314814814814815 0.05 0.08703703703703704
4 0.6447916666666667 0.03425925925925926 0.025 0.03518518518518519
4 0.71875 0.32962962962962966 0.08541666666666667 0.14814814814814814
4 0.6927083333333334 0.0462962962962963 0.03125 0.037037037037037035
4 0.6052083333333333 0.12592592592592594 0.04375 0.07037037037037037
3 0.5130208333333334 0.053703703703703705 0.042708333333333334 0.10740740740740741
4 0.7578125 0.08148148148148149 0.040625 0.05555555555555556
4 0.5604166666666667 0.06574074074074074 0.025 0.04259259259259259
4 0.6114583333333333 0.07592592592592592 0.029166666666666667 0.040740740740740744
4 0.8432291666666667 0.27870370370370373 0.090625 0.11296296296296297
4 0.5786458333333333 0.049074074074074076 0.02395833333333333 0.04259259259259259
3 0.45208333333333334 0.4703703703703704 0.16875 0.5148148148148148