4 0.3333333333333333 0.22870370370370371 0.04375 0.07222222222222223
4 0.6296875 0.11018518518518519 0.02395833333333333 0.05
4 0.5765625 0.075 0.021875 0.03518518518518519
4 0.6802083333333333 0.13240740740740742 0.035416666666666666 0.05
4 0.6625 0.1675925925925926 0.04583333333333333 0.06851851851851852
4 0.2859375 0.6638888888888889 0.128125 0.21666666666666667
4 0.15052083333333333 0.6166666666666667 0.13645833333333332 0.18888888888888888
4 0.5005208333333333 0.24351851851851852 0.04479166666666667 0.08333333333333334
4 0.7296875 0.1925925925925926 0.046875 0.06666666666666667
4 0.4171875 0.2537037037037037 0.053125 0.07777777777777778
4 0.47239583333333335 0.13611111111111113 0.03229166666666666 0.053703703703703705
4 0.5234375 0.17500000000000002 0.040625 0.05740740740740741
4 0.7291666666666666 0.3314814814814815 0.06875 0.11111111111111112
4 0.8703124999999999 0.36574074074074076 0.08854166666666667 0.12037037037037038
4 0.5119791666666667 0.1212962962962963 0.030208333333333334 0.04259259259259259
4 0.45677083333333335 0.11018518518518519 0.021875 0.03518518518518519
4 0.4901041666666667 0.09074074074074075 0.021875 0.03333333333333333
3 0.6682291666666667 0.08518518518518518 0.04895833333333333 0.08888888888888889