4 0.3333333333333333 0.23333333333333334 0.04791666666666666 0.07037037037037037
4 0.6630208333333333 0.0962962962962963 0.019791666666666666 0.040740740740740744
4 0.49374999999999997 0.337037037037037 0.075 0.14074074074074075
4 0.5817708333333333 0.10462962962962963 0.026041666666666668 0.04259259259259259
5 0.3765625 0.2898148148148148 0.06979166666666667 0.15
4 0.6510416666666666 0.15185185185185185 0.0375 0.06296296296296297
4 0.5833333333333334 0.13333333333333333 0.03333333333333333 0.04814814814814815
4 0.4145833333333333 0.8722222222222222 0.14583333333333334 0.2518518518518519
4 0.7098958333333333 0.21851851851851853 0.053125 0.06666666666666667
4 0.7151041666666667 0.2777777777777778 0.06770833333333333 0.10370370370370371
4 0.45729166666666665 0.20555555555555557 0.041666666666666664 0.06296296296296297
4 0.4119791666666667 0.19351851851851853 0.03854166666666667 0.05740740740740741
4 0.5197916666666667 0.14351851851851852 0.03125 0.0462962962962963
4 0.7864583333333334 0.40555555555555556 0.08541666666666667 0.13333333333333333
4 0.45989583333333334 0.125 0.028125 0.0462962962962963
4 0.49947916666666664 0.0925925925925926 0.021875 0.037037037037037035
4 0.5333333333333333 0.10555555555555556 0.025 0.037037037037037035
3 0.7177083333333333 0.13148148148148148 0.075 0.12222222222222223
3 0.6276041666666666 0.09814814814814815 0.04479166666666667 0.10740740740740741