4 0.4890625 0.6620370370370371 0.11770833333333333 0.22037037037037038
4 0.23906249999999998 0.8638888888888889 0.171875 0.2351851851851852
4 0.5359375 0.4138888888888889 0.071875 0.11666666666666667
4 0.6536458333333334 0.5287037037037037 0.08645833333333333 0.16111111111111112
4 0.5494791666666666 0.28240740740740744 0.057291666666666664 0.07962962962962963
4 0.834375 0.24444444444444446 0.05625 0.07407407407407407
4 0.5869791666666666 0.21481481481481482 0.040625 0.06296296296296297
4 0.65 0.2601851851851852 0.04375 0.07592592592592592
4 0.59375 0.1787037037037037 0.03333333333333333 0.05
4 0.6552083333333333 0.17037037037037037 0.0375 0.06296296296296297
4 0.6067708333333334 0.15092592592592594 0.030208333333333334 0.0462962962962963
3 0.49114583333333334 0.18888888888888888 0.128125 0.15925925925925927