4 0.48802083333333335 0.15 0.034375 0.06296296296296297
4 0.6526041666666667 0.5907407407407408 0.11562499999999999 0.22592592592592595
4 0.5713541666666666 0.17407407407407408 0.042708333333333334 0.07407407407407407
4 0.6921875 0.2675925925925926 0.065625 0.11296296296296297
5 0.5098958333333333 0.17037037037037037 0.042708333333333334 0.1
4 0.5546875 0.11203703703703705 0.034375 0.05
4 0.7177083333333333 0.1398148148148148 0.05 0.06851851851851852
4 0.7755208333333333 0.1388888888888889 0.057291666666666664 0.06296296296296297
4 0.55625 0.075 0.03333333333333333 0.0462962962962963
4 0.603125 0.08333333333333334 0.035416666666666666 0.04814814814814815
4 0.9348958333333334 0.325 0.10104166666666667 0.11666666666666667
3 0.5177083333333333 0.031481481481481485 0.03125 0.06296296296296297
3 0.4484375 0.48055555555555557 0.16770833333333332 0.512962962962963