5 0.709375 0.8518518518518519 0.15625 0.2925925925925926
4 0.665625 0.4314814814814815 0.08333333333333333 0.15555555555555556
4 0.5203125 0.14166666666666666 0.036458333333333336 0.06481481481481481
5 0.6067708333333334 0.20370370370370372 0.053125 0.11481481481481481
4 0.9406249999999999 0.8583333333333334 0.11666666666666667 0.24629629629629632
5 0.765625 0.06018518518518519 0.03333333333333333 0.053703703703703705
4 0.5692708333333333 0.34074074074074073 0.07604166666666666 0.11851851851851852
4 0.5895833333333333 0.15185185185185185 0.041666666666666664 0.07037037037037037
4 0.8010416666666667 0.09814814814814815 0.041666666666666664 0.05555555555555556
4 0.7 0.18611111111111112 0.058333333333333334 0.09074074074074075
4 0.5515625 0.08333333333333334 0.030208333333333334 0.05185185185185186
4 0.8911458333333333 0.18703703703703706 0.06354166666666666 0.08148148148148149
4 0.6104166666666666 0.061111111111111116 0.035416666666666666 0.05185185185185186
3 0.4552083333333333 0.47685185185185186 0.17708333333333334 0.47222222222222227