4 0.696875 0.018518518518518517 0.016666666666666666 0.037037037037037035
4 0.15 0.5018518518518519 0.12083333333333333 0.16296296296296298
4 0.7229166666666667 0.025 0.027083333333333334 0.016666666666666666
4 0.7161458333333334 0.011111111111111112 0.019791666666666666 0.022222222222222223
4 0.2989583333333333 0.34814814814814815 0.075 0.10370370370370371
4 0.7234375 0.053703703703703705 0.026041666666666668 0.037037037037037035
4 0.7614583333333333 0.03796296296296296 0.022916666666666665 0.03518518518518519
4 0.7635416666666667 0.05555555555555556 0.027083333333333334 0.02592592592592593
5 0.678125 0.02962962962962963 0.020833333333333332 0.040740740740740744
4 0.7848958333333333 0.04814814814814815 0.026041666666666668 0.040740740740740744
4 0.6776041666666667 0.20185185185185187 0.051041666666666666 0.07777777777777778
4 0.609375 0.1388888888888889 0.035416666666666666 0.06296296296296297
4 0.7635416666666667 0.0925925925925926 0.035416666666666666 0.05185185185185186
4 0.8046875 0.1 0.040625 0.037037037037037035
4 0.8078124999999999 0.12962962962962962 0.04895833333333333 0.05555555555555556
4 0.8739583333333333 0.11111111111111112 0.06458333333333333 0.06296296296296297
4 0.5885416666666666 0.037037037037037035 0.020833333333333332 0.037037037037037035
4 0.6208333333333333 0.02592592592592593 0.022916666666666665 0.03333333333333333
4 0.5442708333333334 0.03796296296296296 0.019791666666666666 0.03518518518518519
3 0.5197916666666667 0.1953703703703704 0.09166666666666666 0.21666666666666667