5 0.7036458333333333 0.6092592592592593 0.128125 0.3148148148148148
4 0.6270833333333333 0.42962962962962964 0.08958333333333333 0.15185185185185185
4 0.6354166666666666 0.29444444444444445 0.07291666666666667 0.14074074074074075
4 0.8624999999999999 0.5342592592592593 0.12916666666666665 0.2388888888888889
4 0.7635416666666667 0.33796296296296297 0.0875 0.1277777777777778
4 0.6088541666666667 0.17685185185185187 0.04479166666666667 0.07962962962962963
4 0.7552083333333334 0.05185185185185186 0.03125 0.040740740740740744
4 0.7848958333333333 0.08240740740740742 0.036458333333333336 0.05740740740740741
4 0.8312499999999999 0.07314814814814816 0.0375 0.0462962962962963
4 0.6942708333333333 0.16018518518518518 0.04479166666666667 0.07592592592592592
5 0.5875 0.11111111111111112 0.03125 0.07407407407407407
4 0.8557291666666667 0.11944444444444445 0.04895833333333333 0.06481481481481481
4 0.6151041666666667 0.09722222222222222 0.03229166666666666 0.053703703703703705
4 0.8276041666666667 0.1824074074074074 0.05520833333333333 0.08333333333333334
4 0.6010416666666667 0.05555555555555556 0.027083333333333334 0.044444444444444446
4 0.9723958333333333 0.20555555555555557 0.053125 0.08518518518518518
3 0.3859375 0.7101851851851853 0.3572916666666667 0.575925925925926