4 0.7328125 0.8398148148148148 0.16979166666666667 0.2833333333333333
5 0.6723958333333333 0.4361111111111111 0.096875 0.22777777777777777
4 0.6041666666666666 0.337037037037037 0.06875 0.12592592592592594
4 0.6270833333333333 0.24444444444444446 0.06666666666666667 0.12592592592592594
5 0.9286458333333333 0.7333333333333334 0.140625 0.3925925925925926
4 0.7833333333333333 0.35462962962962963 0.08958333333333333 0.16481481481481483
4 0.7296875 0.24814814814814815 0.06770833333333333 0.10370370370370371
4 0.6078125 0.14722222222222223 0.04479166666666667 0.07592592592592592
4 0.7760416666666666 0.062037037037037036 0.035416666666666666 0.04259259259259259
4 0.7979166666666666 0.1 0.04375 0.07037037037037037
4 0.8578125 0.08611111111111111 0.042708333333333334 0.053703703703703705
4 0.678125 0.11388888888888889 0.03958333333333333 0.06481481481481481
5 0.584375 0.08518518518518518 0.03125 0.06296296296296297
4 0.8859374999999999 0.1425925925925926 0.057291666666666664 0.07407407407407407
4 0.609375 0.0712962962962963 0.03125 0.05
4 0.8802083333333334 0.2574074074074074 0.07916666666666666 0.1
4 0.5984375 0.025 0.02395833333333333 0.05
3 0.403125 0.6583333333333333 0.3208333333333333 0.6796296296296297