4 0.6536458333333334 0.5287037037037037 0.11354166666666667 0.20555555555555557
5 0.6072916666666667 0.31666666666666665 0.058333333333333334 0.15925925925925927
4 0.7296875 0.3138888888888889 0.08229166666666667 0.1277777777777778
4 0.6161458333333333 0.17500000000000002 0.046875 0.07962962962962963
4 0.8020833333333334 0.04537037037037037 0.035416666666666666 0.04259259259259259
4 0.7510416666666666 0.049074074074074076 0.03125 0.0462962962962963
4 0.7625 0.07037037037037037 0.0375 0.04814814814814815
4 0.7651041666666667 0.10185185185185186 0.036458333333333336 0.06296296296296297
4 0.5328125 0.27222222222222225 0.06979166666666667 0.10370370370370371
4 0.840625 0.13796296296296298 0.05416666666666667 0.06851851851851852
4 0.6583333333333333 0.10925925925925926 0.0375 0.06296296296296297
4 0.5963541666666666 0.07407407407407407 0.030208333333333334 0.04814814814814815
4 0.9109375 0.17685185185185187 0.06354166666666666 0.08703703703703704
4 0.8338541666666667 0.21666666666666667 0.065625 0.0925925925925926
4 0.9145833333333333 0.1277777777777778 0.05625 0.06666666666666667
3 0.5401041666666666 0.08796296296296297 0.053125 0.13148148148148148