4 0.33177083333333335 0.22314814814814815 0.04895833333333333 0.06851851851851852
4 0.384375 0.33055555555555555 0.06666666666666667 0.10185185185185186
4 0.4869791666666667 0.3175925925925926 0.065625 0.10555555555555556
4 0.7333333333333333 0.20092592592592592 0.04375 0.06481481481481481
4 0.4848958333333333 0.1277777777777778 0.034375 0.05555555555555556
4 0.6072916666666667 0.2111111111111111 0.04791666666666666 0.07037037037037037
4 0.5078125 0.2 0.03854166666666667 0.07037037037037037
5 0.45989583333333334 0.10925925925925926 0.034375 0.06296296296296297
4 0.7114583333333333 0.28703703703703703 0.06875 0.10370370370370371
4 0.6197916666666666 0.28611111111111115 0.06666666666666667 0.10185185185185186
4 0.5234375 0.1398148148148148 0.030208333333333334 0.053703703703703705
4 0.8072916666666666 0.4620370370370371 0.10833333333333334 0.1537037037037037
4 0.9140625 0.7490740740740741 0.12604166666666666 0.2833333333333333
3 0.8364583333333333 0.26203703703703707 0.15 0.22777777777777777
3 0.6505208333333333 0.1398148148148148 0.071875 0.1462962962962963