4 0.8125 0.06574074074074074 0.0375 0.053703703703703705
4 0.75 0.05925925925925926 0.03125 0.044444444444444446
4 0.8203125 0.13703703703703704 0.046875 0.06296296296296297
4 0.5557291666666666 0.12407407407407407 0.034375 0.05925925925925926
4 0.596875 0.08981481481481482 0.03125 0.05
4 0.6510416666666666 0.1 0.0375 0.05555555555555556
4 0.5911458333333334 0.36203703703703705 0.08229166666666667 0.13148148148148148
4 0.9057291666666667 0.22962962962962963 0.07395833333333333 0.0925925925925926
4 0.5427083333333333 0.07962962962962963 0.027083333333333334 0.044444444444444446
5 0.590625 0.061111111111111116 0.029166666666666667 0.05185185185185186
4 0.6338541666666666 0.05925925925925926 0.028125 0.044444444444444446
3 0.4640625 0.5333333333333333 0.19479166666666667 0.6037037037037037