4 0.5875 0.3148148148148148 0.08125 0.11481481481481481
5 0.7307291666666667 0.8537037037037037 0.19479166666666667 0.2555555555555556
4 0.6395833333333333 0.5722222222222223 0.11458333333333333 0.22592592592592595
4 0.9473958333333333 0.8564814814814815 0.103125 0.2425925925925926
3 0.5010416666666666 0.08703703703703704 0.058333333333333334 0.17407407407407408
4 0.5890625 0.17685185185185187 0.042708333333333334 0.06851851851851852
4 0.7421875 0.35370370370370374 0.09479166666666666 0.14074074074074075
4 0.653125 0.1675925925925926 0.05 0.06481481481481481
5 0.6359375 0.10833333333333334 0.042708333333333334 0.07962962962962963
4 0.56875 0.08703703703703704 0.029166666666666667 0.05185185185185186
4 0.7557291666666667 0.11203703703703705 0.046875 0.061111111111111116
4 0.5848958333333333 0.058333333333333334 0.026041666666666668 0.04259259259259259
3 0.4479166666666667 0.4814814814814815 0.18333333333333332 0.5296296296296297