4 0.6520833333333333 0.6685185185185185 0.1125 0.20740740740740743
5 0.46249999999999997 0.23611111111111113 0.1 0.09074074074074075
4 0.5880208333333333 0.25277777777777777 0.042708333333333334 0.06851851851851852
5 0.5802083333333333 0.17777777777777778 0.029166666666666667 0.07407407407407407
4 0.6229166666666667 0.1574074074074074 0.03333333333333333 0.04814814814814815
4 0.9083333333333333 0.3314814814814815 0.07291666666666667 0.08518518518518518
4 0.8411458333333334 0.19814814814814816 0.03854166666666667 0.05925925925925926
4 0.775 0.20092592592592592 0.0375 0.05740740740740741
4 0.7708333333333334 0.1814814814814815 0.041666666666666664 0.04814814814814815
4 0.7802083333333333 0.1574074074074074 0.035416666666666666 0.044444444444444446
4 0.7354166666666666 0.1537037037037037 0.03333333333333333 0.044444444444444446
4 0.7338541666666667 0.11388888888888889 0.028125 0.0462962962962963
5 0.71875 0.12962962962962962 0.03125 0.05185185185185186
4 0.7020833333333333 0.1212962962962963 0.027083333333333334 0.04259259259259259
4 0.6817708333333333 0.10648148148148148 0.026041666666666668 0.03518518518518519
4 0.7114583333333333 0.1 0.027083333333333334 0.03333333333333333
4 0.9182291666666667 0.40740740740740744 0.08854166666666667 0.11481481481481481
4 0.6046875 0.12962962962962962 0.026041666666666668 0.040740740740740744
4 0.5604166666666667 0.11666666666666667 0.022916666666666665 0.037037037037037035
3 0.9614583333333333 0.26296296296296295 0.075 0.20370370370370372