5 0.6697916666666667 0.8657407407407408 0.14375 0.26481481481481484
4 0.809375 0.21296296296296297 0.0375 0.05185185185185186
4 0.7463541666666667 0.125 0.026041666666666668 0.03518518518518519
4 0.7619791666666667 0.1462962962962963 0.03229166666666666 0.040740740740740744
4 0.7244791666666667 0.1462962962962963 0.028125 0.040740740740740744
4 0.7052083333333333 0.13148148148148148 0.025 0.037037037037037035
4 0.803125 0.24537037037037038 0.052083333333333336 0.06851851851851852
4 0.7572916666666667 0.48333333333333334 0.0875 0.14074074074074075
4 0.5942708333333333 0.3453703703703704 0.05520833333333333 0.09814814814814815
4 0.596875 0.2611111111111111 0.04375 0.07037037037037037
4 0.5302083333333333 0.22777777777777777 0.035416666666666666 0.06296296296296297
4 0.5802083333333333 0.19074074074074074 0.03125 0.05185185185185186
4 0.5734375 0.16481481481481483 0.028125 0.044444444444444446
4 0.9744791666666667 0.37777777777777777 0.04895833333333333 0.10370370370370371
3 0.81875 0.1564814814814815 0.07916666666666666 0.12037037037037038
3 0.9364583333333333 0.21481481481481482 0.125 0.21851851851851853