5 0.4197916666666667 0.24629629629629632 0.11041666666666666 0.0925925925925926
4 0.5911458333333334 0.3453703703703704 0.057291666666666664 0.09444444444444444
5 0.5838541666666667 0.21666666666666667 0.034375 0.08888888888888889
4 0.6463541666666667 0.20555555555555557 0.040625 0.06296296296296297
4 0.871875 0.29074074074074074 0.06458333333333333 0.08148148148148149
4 0.8244791666666667 0.17962962962962964 0.03854166666666667 0.05185185185185186
4 0.7838541666666666 0.1962962962962963 0.04479166666666667 0.05555555555555556
4 0.765625 0.17777777777777778 0.03958333333333333 0.04814814814814815
4 0.7729166666666667 0.14814814814814814 0.03333333333333333 0.044444444444444446
4 0.7354166666666666 0.1527777777777778 0.03333333333333333 0.04259259259259259
5 0.715625 0.125 0.029166666666666667 0.05
4 0.7005208333333334 0.11944444444444445 0.028125 0.0462962962962963
4 0.8869791666666667 0.35185185185185186 0.071875 0.0962962962962963
4 0.61875 0.15462962962962964 0.029166666666666667 0.0462962962962963
4 0.5671875 0.1398148148148148 0.026041666666666668 0.04259259259259259
3 0.9385416666666666 0.2240740740740741 0.12083333333333333 0.1814814814814815