4 0.6338541666666666 0.36574074074074076 0.07395833333333333 0.1425925925925926
4 0.7197916666666666 0.6351851851851852 0.15625 0.23703703703703705
4 0.7708333333333334 0.06481481481481481 0.0375 0.04814814814814815
4 0.7203125 0.2574074074074074 0.06979166666666667 0.10740740740740741
4 0.615625 0.16481481481481483 0.04583333333333333 0.07777777777777778
4 0.8067708333333333 0.08425925925925926 0.042708333333333334 0.05740740740740741
4 0.7098958333333333 0.049074074074074076 0.030208333333333334 0.0462962962962963
4 0.8041666666666667 0.04166666666666667 0.035416666666666666 0.05
4 0.6010416666666667 0.10740740740740741 0.0375 0.05925925925925926
4 0.6791666666666667 0.13240740740740742 0.03958333333333333 0.06851851851851852
4 0.7541666666666667 0.10648148148148148 0.04375 0.05740740740740741
4 0.8932291666666666 0.11574074074074074 0.04895833333333333 0.05740740740740741
4 0.8979166666666667 0.18333333333333335 0.06458333333333333 0.07777777777777778
5 0.5947916666666666 0.06666666666666667 0.027083333333333334 0.05185185185185186
4 0.9333333333333333 0.24722222222222223 0.06875 0.09074074074074075
4 0.5927083333333333 0.03981481481481482 0.022916666666666665 0.031481481481481485
3 0.5197916666666667 0.18888888888888888 0.08958333333333333 0.20370370370370372