4 0.7041666666666666 0.8435185185185186 0.18333333333333332 0.3092592592592593
5 0.6072916666666667 0.44351851851851853 0.07708333333333334 0.21666666666666667
4 0.7958333333333333 0.48888888888888893 0.12291666666666666 0.1962962962962963
4 0.6234375 0.2175925925925926 0.051041666666666666 0.09074074074074075
4 0.7401041666666667 0.03981481481481482 0.028125 0.0462962962962963
4 0.7546875 0.06666666666666667 0.03229166666666666 0.05185185185185186
4 0.5671875 0.33333333333333337 0.078125 0.11851851851851852
4 0.8098958333333334 0.10277777777777779 0.046875 0.061111111111111116
4 0.6755208333333333 0.14722222222222223 0.04479166666666667 0.07592592592592592
4 0.6036458333333333 0.09537037037037037 0.034375 0.053703703703703705
4 0.865625 0.13333333333333333 0.05416666666666667 0.06666666666666667
4 0.7692708333333333 0.125 0.046875 0.06851851851851852
4 0.8645833333333334 0.08240740740740742 0.04375 0.05740740740740741
4 0.5979166666666667 0.05648148148148149 0.029166666666666667 0.04259259259259259
4 0.6453125 0.05462962962962963 0.028125 0.0462962962962963
4 0.9265625 0.2740740740740741 0.08020833333333333 0.11111111111111112
4 0.9723958333333333 0.19814814814814816 0.053125 0.07777777777777778
3 0.5359375 0.11018518518518519 0.06145833333333333 0.15