4 0.471875 0.20092592592592592 0.05416666666666667 0.07962962962962963
4 0.521875 0.28611111111111115 0.07083333333333333 0.1425925925925926
4 0.5322916666666666 0.6620370370370371 0.13958333333333334 0.26481481481481484
4 0.6385416666666667 0.3092592592592593 0.06666666666666667 0.12592592592592594
4 0.5671875 0.18425925925925926 0.051041666666666666 0.08333333333333334
4 0.7786458333333334 0.06944444444444445 0.03854166666666667 0.05740740740740741
4 0.7421875 0.10370370370370371 0.04479166666666667 0.06296296296296297
4 0.646875 0.19722222222222224 0.05 0.09074074074074075
5 0.5869791666666666 0.10185185185185186 0.046875 0.0962962962962963
5 0.8036458333333333 0.09351851851851853 0.04895833333333333 0.07962962962962963
4 0.44635416666666666 0.17500000000000002 0.08020833333333333 0.07222222222222223
4 0.8208333333333333 0.17222222222222222 0.058333333333333334 0.08148148148148149
4 0.8041666666666667 0.26296296296296295 0.07916666666666666 0.10740740740740741
4 0.9635416666666666 0.2833333333333333 0.07083333333333333 0.11851851851851852
3 0.49166666666666664 0.09814814814814815 0.12916666666666665 0.15925925925925927