4 0.6645833333333333 0.5796296296296296 0.11875 0.2111111111111111
4 0.7484375 0.03981481481481482 0.028125 0.04259259259259259
5 0.6390625 0.32962962962962966 0.06770833333333333 0.14814814814814814
4 0.7708333333333334 0.05555555555555556 0.029166666666666667 0.044444444444444446
4 0.6338541666666666 0.21296296296296297 0.051041666666666666 0.07777777777777778
4 0.8041666666666667 0.0462962962962963 0.03333333333333333 0.040740740740740744
4 0.7067708333333333 0.05 0.030208333333333334 0.04814814814814815
4 0.5322916666666666 0.10277777777777779 0.03125 0.061111111111111116
5 0.6 0.10740740740740741 0.03958333333333333 0.08148148148148149
4 0.7182291666666667 0.21666666666666667 0.059375 0.0962962962962963
5 0.8197916666666667 0.1 0.04791666666666666 0.08148148148148149
4 0.5338541666666666 0.23611111111111113 0.057291666666666664 0.08703703703703704
4 0.5770833333333333 0.07962962962962963 0.025 0.05555555555555556
4 0.8864583333333333 0.17407407407407408 0.06875 0.07777777777777778
4 0.653125 0.07407407407407407 0.035416666666666666 0.05925925925925926
3 0.4578125 0.4712962962962963 0.171875 0.46481481481481485