4 0.7380208333333333 0.044444444444444446 0.030208333333333334 0.040740740740740744
4 0.6104166666666666 0.31851851851851853 0.075 0.12222222222222223
4 0.6098958333333333 0.17962962962962964 0.04895833333333333 0.07777777777777778
4 0.7598958333333333 0.375 0.096875 0.1462962962962963
4 0.765625 0.07592592592592592 0.0375 0.05555555555555556
4 0.5447916666666667 0.16296296296296298 0.03958333333333333 0.07037037037037037
5 0.6020833333333333 0.1175925925925926 0.0375 0.06851851851851852
4 0.6854166666666667 0.17314814814814816 0.05416666666666667 0.08333333333333334
4 0.8197916666666667 0.10833333333333334 0.03958333333333333 0.061111111111111116
4 0.53125 0.11388888888888889 0.035416666666666666 0.061111111111111116
4 0.6567708333333333 0.11018518518518519 0.04479166666666667 0.06851851851851852
4 0.5640625 0.08055555555555556 0.036458333333333336 0.061111111111111116
5 0.6458333333333334 0.06759259259259259 0.03125 0.053703703703703705
4 0.8833333333333333 0.18981481481481483 0.06666666666666667 0.08703703703703704
4 0.6078125 0.049074074074074076 0.026041666666666668 0.05
4 0.9666666666666667 0.1787037037037037 0.06458333333333333 0.08703703703703704
3 0.45416666666666666 0.5777777777777778 0.21666666666666667 0.674074074074074