4 0.4635416666666667 0.1851851851851852 0.058333333333333334 0.07777777777777778
4 0.6755208333333333 0.8324074074074075 0.15104166666666666 0.29074074074074074
4 0.509375 0.20555555555555557 0.07083333333333333 0.07777777777777778
4 0.9229166666666666 0.8351851851851853 0.15208333333333332 0.2740740740740741
4 0.559375 0.16111111111111112 0.03958333333333333 0.07407407407407407
4 0.6708333333333333 0.2351851851851852 0.058333333333333334 0.10370370370370371
4 0.7416666666666667 0.40740740740740744 0.09583333333333333 0.15925925925925927
4 0.7572916666666667 0.061111111111111116 0.035416666666666666 0.04814814814814815
4 0.5505208333333333 0.09351851851851853 0.034375 0.053703703703703705
4 0.8932291666666666 0.19814814814814816 0.065625 0.08148148148148149
3 0.45468749999999997 0.47314814814814815 0.178125 0.4759259259259259