5 0.6145833333333334 0.7583333333333334 0.11875 0.37222222222222223
4 0.6291666666666667 0.29814814814814816 0.06458333333333333 0.11111111111111112
4 0.740625 0.04166666666666667 0.029166666666666667 0.04259259259259259
4 0.6463541666666667 0.48240740740740745 0.11979166666666667 0.17222222222222222
4 0.7838541666666666 0.07962962962962963 0.040625 0.05185185185185186
4 0.7 0.21481481481481482 0.058333333333333334 0.0925925925925926
4 0.6109375 0.13796296296296298 0.040625 0.06851851851851852
4 0.8255208333333334 0.10185185185185186 0.04479166666666667 0.06296296296296297
4 0.7234375 0.07314814814814816 0.036458333333333336 0.053703703703703705
4 0.8239583333333333 0.05555555555555556 0.035416666666666666 0.044444444444444446
4 0.6005208333333333 0.0925925925925926 0.034375 0.05185185185185186
4 0.6661458333333333 0.10462962962962963 0.036458333333333336 0.061111111111111116
4 0.8026041666666667 0.15462962962962964 0.057291666666666664 0.07592592592592592
4 0.9192708333333334 0.14351851851851852 0.053125 0.06851851851851852
4 0.9546875 0.23148148148148148 0.08854166666666667 0.0925925925925926
5 0.5921875 0.05185185185185186 0.02395833333333333 0.04814814814814815
4 0.9703125 0.32685185185185184 0.057291666666666664 0.11296296296296297
3 0.5276041666666667 0.15833333333333333 0.07604166666666666 0.18333333333333335