4 0.3302083333333333 0.22777777777777777 0.04583333333333333 0.06666666666666667
4 0.12343749999999999 0.887962962962963 0.21145833333333333 0.22037037037037038
4 0.6927083333333334 0.13240740740740742 0.03958333333333333 0.053703703703703705
4 0.4890625 0.1962962962962963 0.046875 0.08148148148148149
4 0.5838541666666667 0.14166666666666666 0.030208333333333334 0.053703703703703705
4 0.4661458333333333 0.5074074074074074 0.08854166666666667 0.17037037037037037
5 0.42552083333333335 0.1675925925925926 0.04479166666666667 0.09444444444444444
4 0.6666666666666666 0.18981481481481483 0.04375 0.07222222222222223
4 0.5927083333333333 0.17500000000000002 0.041666666666666664 0.061111111111111116
4 0.49583333333333335 0.28425925925925927 0.05625 0.09814814814814815
4 0.7453125 0.29444444444444445 0.06979166666666667 0.1
4 0.7734375 0.3907407407407408 0.09270833333333334 0.15555555555555556
4 0.4786458333333333 0.12685185185185185 0.030208333333333334 0.04259259259259259
4 0.43906249999999997 0.11851851851851852 0.026041666666666668 0.044444444444444446
4 0.5203125 0.09722222222222222 0.02395833333333333 0.03518518518518519
4 0.9098958333333333 0.7944444444444445 0.134375 0.2814814814814815
3 0.7651041666666667 0.17685185185185187 0.09895833333333333 0.1574074074074074
3 0.6348958333333333 0.11018518518518519 0.05520833333333333 0.11296296296296297