4 0.4890625 0.12407407407407407 0.034375 0.05185185185185186
4 0.703125 0.06018518518518519 0.025 0.03888888888888889
4 0.5552083333333333 0.3675925925925926 0.08125 0.1277777777777778
3 0.5380208333333333 0.1277777777777778 0.057291666666666664 0.14074074074074075
4 0.5760416666666667 0.11111111111111112 0.022916666666666665 0.044444444444444446
4 0.6880208333333333 0.09814814814814815 0.03229166666666666 0.05555555555555556
4 0.7354166666666666 0.09444444444444444 0.035416666666666666 0.05185185185185186
4 0.6192708333333333 0.08796296296296297 0.030208333333333334 0.05740740740740741
4 0.6020833333333333 0.05462962962962963 0.029166666666666667 0.0462962962962963
4 0.5744791666666667 0.08055555555555556 0.019791666666666666 0.03888888888888889
4 0.9765625 0.2777777777777778 0.036458333333333336 0.1