5 0.6322916666666667 0.6490740740740741 0.10208333333333333 0.27592592592592596
4 0.8088541666666667 0.23055555555555557 0.042708333333333334 0.05
4 0.753125 0.14074074074074075 0.029166666666666667 0.040740740740740744
4 0.7723958333333333 0.16574074074074074 0.034375 0.0462962962962963
4 0.7270833333333333 0.16111111111111112 0.029166666666666667 0.044444444444444446
4 0.7067708333333333 0.1425925925925926 0.028125 0.037037037037037035
4 0.8125 0.2638888888888889 0.05416666666666667 0.07222222222222223
4 0.7036458333333333 0.37592592592592594 0.065625 0.10740740740740741
4 0.5833333333333334 0.2962962962962963 0.04791666666666666 0.08148148148148149
4 0.5942708333333333 0.23240740740740742 0.03854166666666667 0.06851851851851852
4 0.5276041666666667 0.2111111111111111 0.03229166666666666 0.05925925925925926
4 0.5760416666666667 0.1814814814814815 0.027083333333333334 0.04814814814814815
4 0.5682291666666667 0.15462962962962964 0.02395833333333333 0.03888888888888889
3 0.828125 0.16666666666666669 0.08125 0.12962962962962962
3 0.9453125 0.24074074074074076 0.10729166666666666 0.23703703703703705