4 0.6958333333333333 0.05185185185185186 0.020833333333333332 0.03333333333333333
4 0.7078125 0.061111111111111116 0.02395833333333333 0.02962962962962963
4 0.3067708333333333 0.31574074074074077 0.08020833333333333 0.09444444444444444
4 0.7302083333333333 0.06296296296296297 0.025 0.02592592592592593
4 0.7260416666666667 0.036111111111111115 0.020833333333333332 0.02777777777777778
4 0.7473958333333334 0.015740740740740743 0.013541666666666667 0.031481481481481485
4 0.7453125 0.04351851851851852 0.021875 0.031481481481481485
4 0.7401041666666667 0.08333333333333334 0.03229166666666666 0.044444444444444446
4 0.765625 0.06666666666666667 0.022916666666666665 0.037037037037037035
4 0.6364583333333333 0.9175925925925926 0.14583333333333334 0.16111111111111112
4 0.4708333333333333 0.21574074074074076 0.06666666666666667 0.06851851851851852
4 0.7328125 0.10277777777777779 0.026041666666666668 0.05
4 0.7911458333333333 0.09537037037037037 0.026041666666666668 0.04259259259259259
4 0.7651041666666667 0.46574074074074073 0.103125 0.16111111111111112
4 0.7755208333333333 0.1175925925925926 0.036458333333333336 0.05740740740740741
5 0.7109375 0.11388888888888889 0.03854166666666667 0.06481481481481481
4 0.6645833333333333 0.19907407407407407 0.04583333333333333 0.07592592592592592
4 0.8395833333333333 0.14351851851851852 0.04375 0.06481481481481481
4 0.5880208333333333 0.053703703703703705 0.019791666666666666 0.03333333333333333
4 0.5958333333333333 0.03981481481481482 0.016666666666666666 0.031481481481481485
4 0.8661458333333333 0.2240740740740741 0.059375 0.07777777777777778
4 0.9729166666666667 0.26203703703703707 0.052083333333333336 0.08333333333333334
4 0.98125 0.14814814814814814 0.035416666666666666 0.04814814814814815
4 0.578125 0.026851851851851852 0.016666666666666666 0.024074074074074074
3 0.5453125 0.07592592592592592 0.04479166666666667 0.0962962962962963