4 0.5166666666666666 0.2111111111111111 0.05416666666666667 0.08888888888888889
4 0.7052083333333333 0.8490740740740741 0.15625 0.2611111111111111
5 0.6072916666666667 0.3453703703703704 0.09583333333333333 0.18333333333333335
4 0.5875 0.24444444444444446 0.052083333333333336 0.07777777777777778
4 0.9104166666666667 0.8055555555555556 0.17708333333333334 0.34444444444444444
4 0.6479166666666667 0.17962962962962964 0.058333333333333334 0.08518518518518518
3 0.5072916666666667 0.061111111111111116 0.04583333333333333 0.12222222222222223
4 0.565625 0.08240740740740742 0.03125 0.0462962962962963
4 0.63125 0.10648148148148148 0.03958333333333333 0.0462962962962963
4 0.7296875 0.13425925925925927 0.06354166666666666 0.07222222222222223
4 0.6005208333333333 0.06574074074074074 0.03229166666666666 0.053703703703703705
3 0.45 0.4675925925925926 0.17083333333333334 0.5092592592592593