4 0.5869791666666666 0.662962962962963 0.134375 0.27037037037037037
4 0.48333333333333334 0.10462962962962963 0.025 0.0462962962962963
5 0.578125 0.13240740740740742 0.03333333333333333 0.05
4 0.5723958333333333 0.09537037037037037 0.028125 0.05
4 0.6390625 0.13333333333333333 0.03854166666666667 0.06296296296296297
4 0.6177083333333333 0.08240740740740742 0.03333333333333333 0.053703703703703705
4 0.8661458333333333 0.16574074074074074 0.05520833333333333 0.07592592592592592
4 0.6567708333333333 0.04814814814814815 0.02395833333333333 0.03333333333333333
5 0.6989583333333333 0.05185185185185186 0.025 0.040740740740740744
4 0.5526041666666667 0.06759259259259259 0.026041666666666668 0.03888888888888889
3 0.5140625 0.16296296296296298 0.08854166666666667 0.17777777777777778