4 0.47760416666666666 0.2064814814814815 0.057291666666666664 0.07222222222222223
4 0.5640625 0.2564814814814815 0.06145833333333333 0.10185185185185186
4 0.5791666666666666 0.16666666666666669 0.04375 0.06666666666666667
4 0.6875 0.4851851851851852 0.09166666666666666 0.17407407407407408
4 0.7286458333333333 0.08888888888888889 0.034375 0.05555555555555556
4 0.6526041666666667 0.16944444444444445 0.042708333333333334 0.07222222222222223
4 0.859375 0.15555555555555556 0.05 0.07037037037037037
4 0.5885416666666666 0.11666666666666667 0.0375 0.06296296296296297
4 0.6411458333333333 0.11481481481481481 0.036458333333333336 0.07407407407407407
4 0.9093749999999999 0.21481481481481482 0.06875 0.0925925925925926
3 0.48802083333333335 0.11574074074074074 0.128125 0.15