4 0.4635416666666667 0.18055555555555555 0.058333333333333334 0.07592592592592592
4 0.6713541666666667 0.737962962962963 0.134375 0.27592592592592596
4 0.5151041666666667 0.1953703703703704 0.071875 0.07962962962962963
4 0.890625 0.687962962962963 0.18541666666666667 0.3055555555555556
4 0.5609375 0.1527777777777778 0.036458333333333336 0.07222222222222223
4 0.6677083333333333 0.20370370370370372 0.05416666666666667 0.08888888888888889
4 0.725 0.34444444444444444 0.08541666666666667 0.13703703703703704
4 0.7640625 0.0638888888888889 0.036458333333333336 0.05
4 0.5515625 0.08240740740740742 0.034375 0.0462962962962963
4 0.9182291666666667 0.21851851851851853 0.071875 0.0925925925925926
3 0.45677083333333335 0.4703703703703704 0.17395833333333333 0.4703703703703704