4 0.6432291666666666 0.46111111111111114 0.10104166666666667 0.17777777777777778
5 0.6104166666666666 0.27870370370370373 0.05416666666666667 0.13518518518518519
4 0.7145833333333333 0.27314814814814814 0.07291666666666667 0.10925925925925926
4 0.6135416666666667 0.16111111111111112 0.04375 0.07777777777777778
4 0.8104166666666667 0.05277777777777778 0.035416666666666666 0.04259259259259259
4 0.7614583333333333 0.061111111111111116 0.035416666666666666 0.044444444444444446
4 0.7734375 0.08611111111111111 0.03854166666666667 0.05
4 0.7713541666666667 0.12222222222222223 0.040625 0.07037037037037037
4 0.5239583333333333 0.2555555555555556 0.06458333333333333 0.0962962962962963
4 0.8557291666666667 0.15555555555555556 0.057291666666666664 0.07037037037037037
4 0.6536458333333334 0.09907407407407408 0.034375 0.05740740740740741
4 0.5947916666666666 0.06574074074074074 0.029166666666666667 0.0462962962962963
4 0.9307291666666666 0.2 0.065625 0.0925925925925926
4 0.8666666666666667 0.26481481481481484 0.07708333333333334 0.10370370370370371
4 0.9395833333333333 0.15 0.06041666666666667 0.07407407407407407
3 0.5416666666666666 0.06944444444444445 0.052083333333333336 0.1388888888888889