4 0.4708333333333333 0.21574074074074076 0.05416666666666667 0.07962962962962963
4 0.2838541666666667 0.9046296296296297 0.20104166666666667 0.18703703703703706
4 0.6567708333333333 0.31666666666666665 0.06979166666666667 0.12222222222222223
4 0.5916666666666667 0.13240740740740742 0.035416666666666666 0.06481481481481481
4 0.709375 0.05185185185185186 0.027083333333333334 0.040740740740740744
4 0.7505208333333333 0.05648148148148149 0.030208333333333334 0.0462962962962963
4 0.7890625 0.04722222222222222 0.034375 0.05
4 0.4796875 0.47685185185185186 0.103125 0.19074074074074074
5 0.5557291666666666 0.1851851851851852 0.042708333333333334 0.10370370370370371
4 0.7359375 0.1388888888888889 0.046875 0.06666666666666667
4 0.6510416666666666 0.12962962962962962 0.0375 0.06296296296296297
4 0.8583333333333333 0.19444444444444445 0.06041666666666667 0.08148148148148149
4 0.8223958333333333 0.30648148148148147 0.078125 0.11296296296296297
4 0.5682291666666667 0.10185185185185186 0.03854166666666667 0.06296296296296297
4 0.6270833333333333 0.08796296296296297 0.035416666666666666 0.053703703703703705
3 0.4901041666666667 0.11296296296296297 0.128125 0.15185185185185185