4 0.6989583333333333 0.8935185185185186 0.17083333333333334 0.20925925925925926
5 0.6619791666666667 0.47685185185185186 0.08854166666666667 0.20555555555555557
4 0.765625 0.04814814814814815 0.025 0.037037037037037035
4 0.6473958333333333 0.28425925925925927 0.06145833333333333 0.10555555555555556
4 0.5296875 0.12037037037037038 0.034375 0.06296296296296297
5 0.6020833333333333 0.14814814814814814 0.04583333333333333 0.0962962962962963
4 0.7776041666666667 0.3592592592592593 0.08854166666666667 0.13703703703703704
5 0.7927083333333333 0.0787037037037037 0.041666666666666664 0.06851851851851852
4 0.540625 0.27592592592592596 0.052083333333333336 0.0962962962962963
4 0.5833333333333334 0.10648148148148148 0.029166666666666667 0.05740740740740741
4 0.840625 0.13425925925925927 0.05416666666666667 0.07222222222222223
4 0.6697916666666667 0.11203703703703705 0.04375 0.07222222222222223
4 0.55625 0.05648148148148149 0.027083333333333334 0.0462962962962963
4 0.9614583333333333 0.2601851851851852 0.075 0.10555555555555556
3 0.4578125 0.4740740740740741 0.17395833333333333 0.4814814814814815