4 0.5010416666666666 0.16111111111111112 0.0375 0.07037037037037037
4 0.5828125 0.21296296296296297 0.046875 0.08518518518518518
4 0.85625 0.6675925925925926 0.16041666666666665 0.2611111111111111
5 0.5197916666666667 0.1953703703703704 0.05 0.10925925925925926
4 0.5609375 0.14351851851851852 0.03854166666666667 0.061111111111111116
4 0.68125 0.08148148148148149 0.03125 0.05185185185185186
4 0.70625 0.061111111111111116 0.03125 0.04814814814814815
4 0.5942708333333333 0.10555555555555556 0.042708333333333334 0.07037037037037037
4 0.6635416666666667 0.19722222222222224 0.058333333333333334 0.09074074074074075
4 0.7760416666666666 0.14166666666666666 0.052083333333333336 0.06481481481481481
4 0.5661458333333333 0.03888888888888889 0.026041666666666668 0.040740740740740744
3 0.5161458333333333 0.03888888888888889 0.036458333333333336 0.07777777777777778
4 0.9713541666666666 0.3277777777777778 0.05520833333333333 0.12962962962962962
3 0.44687499999999997 0.46851851851851856 0.17291666666666666 0.5074074074074074