4 0.6947916666666667 0.6870370370370371 0.12291666666666666 0.2518518518518519
4 0.5041666666666667 0.16018518518518518 0.05416666666666667 0.07222222222222223
5 0.6151041666666667 0.2537037037037037 0.065625 0.13703703703703704
5 0.7510416666666666 0.04166666666666667 0.03333333333333333 0.05740740740740741
4 0.625 0.4324074074074074 0.1 0.15
4 0.59375 0.19351851851851853 0.04583333333333333 0.08703703703703704
4 0.7973958333333333 0.07037037037037037 0.03229166666666666 0.04814814814814815
4 0.7447916666666666 0.2851851851851852 0.08333333333333333 0.13703703703703704
4 0.5515625 0.10462962962962963 0.030208333333333334 0.053703703703703705
4 0.8442708333333333 0.13425925925925927 0.051041666666666666 0.07222222222222223
4 0.6239583333333333 0.0925925925925926 0.0375 0.06296296296296297
4 0.5614583333333333 0.06018518518518519 0.025 0.04259259259259259
3 0.4583333333333333 0.47870370370370374 0.17291666666666666 0.47222222222222227