4 0.7557291666666667 0.07314814814814816 0.034375 0.0462962962962963
4 0.5802083333333333 0.23703703703703705 0.05625 0.0925925925925926
4 0.6026041666666666 0.1574074074074074 0.042708333333333334 0.07037037037037037
4 0.703125 0.25092592592592594 0.06875 0.10185185185185186
4 0.7848958333333333 0.11111111111111112 0.042708333333333334 0.06296296296296297
4 0.5401041666666666 0.1462962962962963 0.036458333333333336 0.06666666666666667
5 0.5953125 0.10555555555555556 0.036458333333333336 0.06296296296296297
4 0.6640625 0.13148148148148148 0.04479166666666667 0.06296296296296297
4 0.8468749999999999 0.1574074074074074 0.052083333333333336 0.07407407407407407
4 0.5307291666666667 0.10092592592592593 0.03229166666666666 0.05
4 0.6338541666666666 0.09074074074074075 0.03854166666666667 0.05925925925925926
4 0.5526041666666667 0.07037037037037037 0.030208333333333334 0.05555555555555556
5 0.6380208333333334 0.058333333333333334 0.028125 0.0462962962962963
4 0.9619791666666666 0.28611111111111115 0.07395833333333333 0.10925925925925926
3 0.4557291666666667 0.5888888888888889 0.209375 0.6592592592592593