4 0.47031249999999997 0.21203703703703705 0.053125 0.08333333333333334
4 0.5661458333333333 0.23240740740740742 0.053125 0.09074074074074075
5 0.4942708333333333 0.47685185185185186 0.090625 0.2351851851851852
4 0.6588541666666666 0.3527777777777778 0.07395833333333333 0.1388888888888889
4 0.7651041666666667 0.06666666666666667 0.034375 0.05185185185185186
4 0.7328125 0.10370370370370371 0.03854166666666667 0.05925925925925926
4 0.5692708333333333 0.13518518518518519 0.042708333333333334 0.07777777777777778
4 0.6473958333333333 0.15555555555555556 0.042708333333333334 0.07407407407407407
4 0.8036458333333333 0.1175925925925926 0.042708333333333334 0.06481481481481481
4 0.646875 0.09814814814814815 0.035416666666666666 0.05925925925925926
4 0.5973958333333333 0.09814814814814815 0.036458333333333336 0.05925925925925926
3 0.4875 0.10833333333333334 0.125 0.1537037037037037