4 0.471875 0.21296296296296297 0.052083333333333336 0.07777777777777778
4 0.5473958333333333 0.32592592592592595 0.06979166666666667 0.12962962962962962
5 0.36354166666666665 0.8814814814814815 0.17916666666666667 0.23333333333333334
4 0.6859375 0.7333333333333334 0.13229166666666667 0.2851851851851852
4 0.7177083333333333 0.07037037037037037 0.03125 0.05185185185185186
4 0.5604166666666667 0.16111111111111112 0.04583333333333333 0.08518518518518518
4 0.6427083333333333 0.22222222222222224 0.05416666666666667 0.08888888888888889
4 0.7869791666666667 0.075 0.034375 0.05
4 0.6463541666666667 0.13796296296296298 0.042708333333333334 0.06851851851851852
4 0.5916666666666667 0.1175925925925926 0.041666666666666664 0.061111111111111116
4 0.903125 0.2601851851851852 0.08125 0.10555555555555556
4 0.8760416666666666 0.4175925925925926 0.10833333333333334 0.1425925925925926
3 0.48854166666666665 0.10833333333333334 0.12708333333333333 0.1537037037037037