4 0.5958333333333333 0.0787037037037037 0.022916666666666665 0.03888888888888889
5 0.2838541666666667 0.5722222222222223 0.13020833333333334 0.24814814814814815
4 0.6145833333333334 0.18888888888888888 0.03958333333333333 0.06296296296296297
4 0.6338541666666666 0.3231481481481482 0.06354166666666666 0.09444444444444444
4 0.4171875 0.1462962962962963 0.030208333333333334 0.05185185185185186
4 0.4786458333333333 0.10925925925925926 0.026041666666666668 0.04814814814814815
4 0.5239583333333333 0.08425925925925926 0.022916666666666665 0.03888888888888889
4 0.6578125 0.47222222222222227 0.09479166666666666 0.14814814814814814
4 0.8713541666666667 0.6407407407407407 0.15520833333333334 0.20740740740740743
4 0.5057291666666667 0.0638888888888889 0.019791666666666666 0.031481481481481485
3 0.9317708333333333 0.4462962962962963 0.134375 0.4
3 0.7651041666666667 0.33240740740740743 0.15520833333333334 0.3277777777777778
3 0.35260416666666666 0.24351851851851852 0.09895833333333333 0.21296296296296297