5 0.5994791666666667 0.3990740740740741 0.06145833333333333 0.16481481481481483
4 0.7588541666666666 0.47222222222222227 0.09270833333333334 0.14814814814814814
4 0.8213541666666666 0.24351851851851852 0.04895833333333333 0.06481481481481481
4 0.7729166666666667 0.14907407407407408 0.03333333333333333 0.04259259259259259
4 0.8010416666666667 0.17407407407407408 0.0375 0.04814814814814815
4 0.734375 0.16203703703703703 0.03333333333333333 0.0462962962962963
4 0.7317708333333334 0.1212962962962963 0.028125 0.03888888888888889
4 0.7171875 0.14444444444444446 0.03229166666666666 0.040740740740740744
4 0.8328125 0.2777777777777778 0.059375 0.07407407407407407
4 0.6552083333333333 0.25833333333333336 0.04583333333333333 0.07592592592592592
4 0.5744791666666667 0.2240740740740741 0.036458333333333336 0.06296296296296297
4 0.5973958333333333 0.17592592592592593 0.030208333333333334 0.05185185185185186
4 0.5302083333333333 0.16481481481481483 0.027083333333333334 0.04814814814814815
4 0.575 0.14537037037037037 0.025 0.03888888888888889
3 0.8583333333333333 0.17962962962962964 0.09791666666666667 0.14074074074074075
3 0.9734375 0.25462962962962965 0.051041666666666666 0.2388888888888889