5 0.36666666666666664 0.25462962962962965 0.12291666666666666 0.08703703703703704
4 0.5994791666666667 0.4527777777777778 0.071875 0.13148148148148148
5 0.5833333333333334 0.2555555555555556 0.03958333333333333 0.10370370370370371
4 0.6640625 0.2518518518518519 0.04895833333333333 0.07777777777777778
4 0.8510416666666667 0.2740740740740741 0.058333333333333334 0.07407407407407407
4 0.8072916666666666 0.1685185185185185 0.0375 0.05185185185185186
4 0.7927083333333333 0.19166666666666668 0.052083333333333336 0.053703703703703705
4 0.75625 0.17500000000000002 0.03958333333333333 0.05
4 0.7598958333333333 0.14074074074074075 0.03229166666666666 0.044444444444444446
4 0.7302083333333333 0.15092592592592594 0.03333333333333333 0.04259259259259259
5 0.7088541666666667 0.12407407407407407 0.028125 0.04814814814814815
4 0.69375 0.1175925925925926 0.025 0.03888888888888889
4 0.8661458333333333 0.3212962962962963 0.06979166666666667 0.08703703703703704
4 0.6244791666666667 0.17962962962962964 0.03229166666666666 0.05185185185185186
4 0.5682291666666667 0.16203703703703703 0.028125 0.0462962962962963
4 0.6 0.1277777777777778 0.027083333333333334 0.044444444444444446
3 0.9098958333333333 0.20555555555555557 0.11979166666666667 0.16666666666666669