4 0.4708333333333333 0.20833333333333334 0.05416666666666667 0.08333333333333334
4 0.43697916666666664 0.7685185185185186 0.153125 0.3074074074074074
4 0.5401041666666666 0.23240740740740742 0.059375 0.10925925925925926
4 0.5916666666666667 0.44537037037037036 0.09791666666666667 0.17962962962962964
4 0.6421875 0.23425925925925928 0.057291666666666664 0.09814814814814815
4 0.5765625 0.15925925925925927 0.04479166666666667 0.07407407407407407
4 0.8010416666666667 0.11018518518518519 0.04791666666666666 0.06481481481481481
4 0.7635416666666667 0.16018518518518518 0.052083333333333336 0.07592592592592592
4 0.6489583333333333 0.15833333333333333 0.041666666666666664 0.07592592592592592
5 0.5921875 0.0925925925925926 0.042708333333333334 0.08888888888888889
5 0.8401041666666667 0.1462962962962963 0.059375 0.0962962962962963
4 0.4380208333333333 0.1814814814814815 0.07604166666666666 0.07037037037037037
4 0.8682291666666666 0.2601851851851852 0.07395833333333333 0.09814814814814815
4 0.8776041666666666 0.42592592592592593 0.11562499999999999 0.16296296296296298
3 0.4921875 0.10462962962962963 0.128125 0.16111111111111112