4 0.5083333333333333 0.18055555555555555 0.0375 0.06851851851851852
4 0.596875 0.27685185185185185 0.05625 0.10185185185185186
5 0.5234375 0.22870370370370371 0.051041666666666666 0.11666666666666667
4 0.5729166666666666 0.17592592592592593 0.041666666666666664 0.07037037037037037
4 0.665625 0.05925925925925926 0.03125 0.044444444444444446
4 0.6354166666666666 0.16296296296296298 0.05416666666666667 0.08518518518518518
4 0.7526041666666666 0.4953703703703704 0.10520833333333333 0.19074074074074074
4 0.7286458333333333 0.0925925925925926 0.040625 0.05555555555555556
4 0.5739583333333333 0.075 0.029166666666666667 0.053703703703703705
3 0.5151041666666667 0.04537037037037037 0.03854166666666667 0.09074074074074075
4 0.8494791666666667 0.17500000000000002 0.06354166666666666 0.08703703703703704
4 0.5515625 0.04166666666666667 0.019791666666666666 0.03518518518518519
4 0.5942708333333333 0.040740740740740744 0.021875 0.03333333333333333
3 0.4515625 0.4703703703703704 0.17395833333333333 0.5111111111111112