4 0.4848958333333333 0.17407407407407408 0.06145833333333333 0.08148148148148149
5 0.621875 0.3101851851851852 0.075 0.16481481481481483
4 0.6536458333333334 0.5453703703703704 0.10729166666666666 0.19074074074074074
4 0.5979166666666667 0.23240740740740742 0.05 0.09074074074074075
4 0.7963541666666667 0.05555555555555556 0.030208333333333334 0.044444444444444446
4 0.8020833333333334 0.4101851851851852 0.11666666666666667 0.18703703703703706
4 0.5489583333333333 0.125 0.035416666666666666 0.06481481481481481
4 0.8177083333333334 0.11203703703703705 0.04375 0.06481481481481481
4 0.6333333333333333 0.12592592592592594 0.04583333333333333 0.07407407407407407
4 0.5598958333333334 0.0787037037037037 0.028125 0.04259259259259259
4 0.6010416666666667 0.06018518518518519 0.027083333333333334 0.04259259259259259
4 0.6390625 0.062037037037037036 0.030208333333333334 0.05
3 0.45625 0.48333333333333334 0.18125 0.4814814814814815