4 0.4708333333333333 0.20370370370370372 0.05416666666666667 0.07777777777777778
4 0.4984375 0.5222222222222223 0.10729166666666666 0.1925925925925926
4 0.5494791666666666 0.19444444444444445 0.053125 0.0962962962962963
4 0.6229166666666667 0.33425925925925926 0.07708333333333334 0.13518518518518519
4 0.6427083333333333 0.18425925925925926 0.05 0.08703703703703704
4 0.5822916666666667 0.13611111111111113 0.041666666666666664 0.06851851851851852
4 0.825 0.1398148148148148 0.052083333333333336 0.07222222222222223
4 0.7895833333333333 0.21203703703703705 0.06458333333333333 0.09074074074074075
4 0.646875 0.12592592592592594 0.03958333333333333 0.06666666666666667
5 0.5958333333333333 0.07777777777777778 0.03958333333333333 0.08148148148148149
5 0.8828125 0.19722222222222224 0.07395833333333333 0.12407407407407407
4 0.4265625 0.17685185185185187 0.071875 0.07222222222222223
4 0.9296875 0.3675925925925926 0.09895833333333333 0.1388888888888889
3 0.4890625 0.10092592592592593 0.12604166666666666 0.1574074074074074