5 0.690625 0.5342592592592593 0.11666666666666667 0.26851851851851855
4 0.6192708333333333 0.39351851851851855 0.08229166666666667 0.1388888888888889
4 0.6328125 0.275 0.06979166666666667 0.1425925925925926
4 0.8322916666666667 0.45833333333333337 0.11041666666666666 0.20185185185185187
4 0.7520833333333333 0.2990740740740741 0.07916666666666666 0.11666666666666667
4 0.6088541666666667 0.16574074074074074 0.04479166666666667 0.07962962962962963
4 0.7609375 0.053703703703703705 0.03229166666666666 0.040740740740740744
4 0.7890625 0.08518518518518518 0.03854166666666667 0.05925925925925926
4 0.8401041666666667 0.075 0.03854166666666667 0.053703703703703705
4 0.690625 0.1398148148148148 0.04375 0.06851851851851852
5 0.5875 0.10185185185185186 0.03125 0.07037037037037037
4 0.865625 0.12222222222222223 0.05 0.06666666666666667
4 0.6135416666666667 0.08611111111111111 0.03125 0.053703703703703705
4 0.8416666666666667 0.19907407407407407 0.06041666666666667 0.08703703703703704
4 0.6005208333333333 0.0462962962962963 0.026041666666666668 0.04814814814814815
3 0.38229166666666664 0.6916666666666667 0.3645833333333333 0.6129629629629629