4 0.7036458333333333 0.812962962962963 0.159375 0.3037037037037037
4 0.6354166666666666 0.41944444444444445 0.09375 0.1537037037037037
4 0.7583333333333333 0.05185185185185186 0.03125 0.044444444444444446
5 0.6255208333333333 0.2555555555555556 0.05520833333333333 0.11851851851851852
4 0.7828125 0.06944444444444445 0.03229166666666666 0.0462962962962963
4 0.6239583333333333 0.1685185185185185 0.04375 0.06296296296296297
4 0.8270833333333333 0.06666666666666667 0.03958333333333333 0.04814814814814815
4 0.725 0.07685185185185185 0.035416666666666666 0.05
4 0.534375 0.08703703703703704 0.03125 0.05555555555555556
5 0.5973958333333333 0.08703703703703704 0.036458333333333336 0.07407407407407407
4 0.6864583333333333 0.14814814814814814 0.04583333333333333 0.07407407407407407
5 0.8510416666666667 0.13055555555555556 0.058333333333333334 0.08703703703703704
4 0.5192708333333333 0.21481481481481482 0.06354166666666666 0.07777777777777778
4 0.5734375 0.0638888888888889 0.02395833333333333 0.05
4 0.9385416666666666 0.225 0.08125 0.09074074074074075
4 0.6416666666666666 0.05277777777777778 0.03333333333333333 0.053703703703703705
3 0.46041666666666664 0.46851851851851856 0.17291666666666666 0.4777777777777778