5 0.6677083333333333 0.5305555555555556 0.09791666666666667 0.23148148148148148
4 0.765625 0.040740740740740744 0.022916666666666665 0.037037037037037035
4 0.65 0.30648148148148147 0.06666666666666667 0.11296296296296297
4 0.5270833333333333 0.12222222222222223 0.035416666666666666 0.06296296296296297
5 0.6026041666666666 0.1537037037037037 0.046875 0.10370370370370371
4 0.8020833333333334 0.41944444444444445 0.10208333333333333 0.1574074074074074
5 0.7848958333333333 0.07037037037037037 0.040625 0.06666666666666667
4 0.54375 0.2833333333333333 0.052083333333333336 0.10370370370370371
4 0.5833333333333334 0.11203703703703705 0.029166666666666667 0.06481481481481481
4 0.8291666666666666 0.11944444444444445 0.052083333333333336 0.06851851851851852
4 0.6755208333333333 0.12407407407407407 0.046875 0.07777777777777778
4 0.5546875 0.058333333333333334 0.026041666666666668 0.0462962962962963
4 0.9447916666666667 0.2388888888888889 0.075 0.10370370370370371
4 0.6015625 0.03425925925925926 0.030208333333333334 0.0462962962962963
3 0.4578125 0.47314814814814815 0.17604166666666665 0.47222222222222227