4 0.8140625 0.06944444444444445 0.03854166666666667 0.053703703703703705
4 0.7520833333333333 0.06296296296296297 0.03125 0.044444444444444446
4 0.8239583333333333 0.14351851851851852 0.04791666666666666 0.06481481481481481
4 0.5557291666666666 0.1212962962962963 0.03229166666666666 0.05740740740740741
4 0.5963541666666666 0.08796296296296297 0.030208333333333334 0.05
4 0.6494791666666666 0.09814814814814815 0.034375 0.05555555555555556
4 0.584375 0.34351851851851856 0.07291666666666667 0.12407407407407407
4 0.9182291666666667 0.2425925925925926 0.078125 0.0962962962962963
4 0.54375 0.075 0.027083333333333334 0.04259259259259259
5 0.590625 0.061111111111111116 0.029166666666666667 0.05555555555555556
4 0.6328125 0.05925925925925926 0.028125 0.044444444444444446
3 0.4671875 0.5231481481481481 0.19270833333333334 0.587037037037037