4 0.7192708333333333 0.913888888888889 0.15520833333333334 0.1685185185185185
4 0.48854166666666665 0.17222222222222222 0.06041666666666667 0.08518518518518518
5 0.6197916666666666 0.3 0.075 0.16666666666666669
4 0.65 0.5231481481481481 0.10208333333333333 0.17962962962962964
4 0.596875 0.225 0.04791666666666666 0.08703703703703704
4 0.7994791666666666 0.05648148148148149 0.030208333333333334 0.0462962962962963
4 0.790625 0.3861111111111111 0.10833333333333334 0.17962962962962964
4 0.5489583333333333 0.12222222222222223 0.03333333333333333 0.06666666666666667
4 0.8208333333333333 0.11481481481481481 0.04375 0.06296296296296297
4 0.6322916666666667 0.11944444444444445 0.04375 0.07222222222222223
4 0.5604166666666667 0.07592592592592592 0.027083333333333334 0.040740740740740744
4 0.6 0.05740740740740741 0.025 0.040740740740740744
4 0.6385416666666667 0.05648148148148149 0.029166666666666667 0.0462962962962963
3 0.45677083333333335 0.4814814814814815 0.18020833333333333 0.4851851851851852