4 0.33125 0.22685185185185186 0.04583333333333333 0.06481481481481481
4 0.6828125 0.12037037037037038 0.034375 0.044444444444444446
4 0.4890625 0.21574074074074076 0.051041666666666666 0.09444444444444444
4 0.58125 0.12962962962962962 0.03125 0.05185185185185186
4 0.44114583333333335 0.675 0.11979166666666667 0.23148148148148148
5 0.4171875 0.18425925925925926 0.051041666666666666 0.10185185185185186
4 0.6630208333333333 0.17500000000000002 0.042708333333333334 0.06481481481481481
4 0.5895833333333333 0.16481481481481483 0.035416666666666666 0.06666666666666667
4 0.49166666666666664 0.3425925925925926 0.06041666666666667 0.11851851851851852
4 0.7348958333333333 0.27222222222222225 0.065625 0.08148148148148149
4 0.7578125 0.3601851851851852 0.090625 0.1388888888888889
4 0.4744791666666667 0.14166666666666666 0.030208333333333334 0.0462962962962963
4 0.43333333333333335 0.12685185185185185 0.027083333333333334 0.0462962962962963
4 0.5182291666666666 0.10555555555555556 0.02395833333333333 0.040740740740740744
4 0.8802083333333334 0.6583333333333333 0.15 0.2240740740740741
3 0.7536458333333333 0.16481481481481483 0.09270833333333334 0.14814814814814814
3 0.6302083333333334 0.10555555555555556 0.052083333333333336 0.11481481481481481