4 0.753125 0.06851851851851852 0.03333333333333333 0.044444444444444446
4 0.5828125 0.24722222222222223 0.057291666666666664 0.09444444444444444
4 0.6036458333333333 0.15833333333333333 0.042708333333333334 0.07222222222222223
4 0.709375 0.26481481481481484 0.07083333333333333 0.10740740740740741
4 0.7817708333333333 0.10740740740740741 0.042708333333333334 0.05925925925925926
4 0.5411458333333333 0.1462962962962963 0.036458333333333336 0.06666666666666667
5 0.5953125 0.10555555555555556 0.036458333333333336 0.06296296296296297
4 0.6666666666666666 0.13703703703703704 0.04583333333333333 0.06666666666666667
4 0.8432291666666667 0.15092592592592594 0.04895833333333333 0.07222222222222223
4 0.5291666666666667 0.10462962962962963 0.03333333333333333 0.05
4 0.6369791666666667 0.09166666666666667 0.03854166666666667 0.061111111111111116
4 0.5536458333333333 0.07037037037037037 0.03229166666666666 0.05555555555555556
5 0.6380208333333334 0.05740740740740741 0.028125 0.044444444444444446
4 0.9546875 0.27037037037037037 0.08854166666666667 0.10740740740740741
3 0.4557291666666667 0.5861111111111111 0.21145833333333333 0.6648148148148149