4 0.4630208333333333 0.1851851851851852 0.057291666666666664 0.08148148148148149
5 0.69375 0.8787037037037038 0.18541666666666667 0.2388888888888889
4 0.6640625 0.575925925925926 0.109375 0.20740740740740743
4 0.53125 0.19444444444444445 0.06041666666666667 0.08148148148148149
4 0.8036458333333333 0.46851851851851856 0.13229166666666667 0.20370370370370372
4 0.5619791666666667 0.1462962962962963 0.036458333333333336 0.06666666666666667
4 0.6578125 0.17037037037037037 0.04895833333333333 0.07777777777777778
4 0.7005208333333334 0.2638888888888889 0.06770833333333333 0.10555555555555556
4 0.7786458333333334 0.08425925925925926 0.03854166666666667 0.05740740740740741
4 0.5515625 0.07685185185185185 0.03229166666666666 0.05
4 0.96875 0.3 0.06041666666666667 0.11481481481481481
3 0.45729166666666665 0.4740740740740741 0.17708333333333334 0.4703703703703704