4 0.671875 0.015740740740740743 0.020833333333333332 0.031481481481481485
4 0.64375 0.01388888888888889 0.020833333333333332 0.02777777777777778
4 0.6838541666666667 0.031481481481481485 0.02395833333333333 0.02962962962962963
4 0.709375 0.058333333333333334 0.03333333333333333 0.0462962962962963
5 0.7479166666666667 0.11111111111111112 0.03958333333333333 0.06296296296296297
4 0.7364583333333333 0.09351851851851853 0.029166666666666667 0.05
4 0.634375 0.48888888888888893 0.10625 0.17407407407407408
4 0.8869791666666667 0.18888888888888888 0.06145833333333333 0.07407407407407407
4 0.8447916666666666 0.2925925925925926 0.08125 0.10370370370370371
4 0.9213541666666667 0.2657407407407408 0.078125 0.10185185185185186
3 0.42291666666666666 0.5305555555555556 0.20625 0.6537037037037037