4 0.5140625 0.20833333333333334 0.046875 0.07962962962962963
4 0.65625 0.6157407407407408 0.1125 0.2425925925925926
5 0.5838541666666667 0.30462962962962964 0.08854166666666667 0.1574074074074074
4 0.590625 0.23796296296296296 0.05625 0.09074074074074075
4 0.7901041666666666 0.49259259259259264 0.140625 0.22962962962962963
4 0.628125 0.15 0.05 0.07407407407407407
3 0.509375 0.05740740740740741 0.04375 0.11481481481481481
4 0.7395833333333334 0.062037037037037036 0.035416666666666666 0.053703703703703705
4 0.565625 0.07407407407407407 0.029166666666666667 0.044444444444444446
4 0.621875 0.09351851851851853 0.035416666666666666 0.0462962962962963
4 0.7776041666666667 0.19444444444444445 0.065625 0.08888888888888889
4 0.5895833333333333 0.05648148148148149 0.027083333333333334 0.04259259259259259
3 0.4515625 0.46944444444444444 0.16979166666666667 0.512962962962963