4 0.784375 0.11944444444444445 0.03125 0.0462962962962963
4 0.7213541666666666 0.11018518518518519 0.030208333333333334 0.03888888888888889
4 0.6213541666666667 0.9277777777777778 0.14895833333333333 0.14074074074074075
4 0.625 0.4481481481481482 0.07916666666666666 0.14444444444444446
4 0.6479166666666667 0.3314814814814815 0.06875 0.10370370370370371
4 0.8994791666666666 0.20277777777777778 0.04895833333333333 0.06851851851851852
4 0.6510416666666666 0.2138888888888889 0.04375 0.07222222222222223
4 0.5786458333333333 0.14444444444444446 0.03229166666666666 0.05925925925925926
4 0.528125 0.1388888888888889 0.03125 0.05925925925925926
4 0.6354166666666666 0.13333333333333333 0.03125 0.05185185185185186
3 0.8286458333333333 0.11111111111111112 0.08645833333333333 0.14814814814814814