5 0.37083333333333335 0.5425925925925926 0.13125 0.2814814814814815
4 0.5796875 0.8648148148148148 0.16354166666666667 0.26666666666666666
4 0.4984375 0.18703703703703706 0.065625 0.07407407407407407
4 0.7244791666666667 0.08796296296296297 0.036458333333333336 0.061111111111111116
4 0.5932291666666667 0.17314814814814816 0.046875 0.07962962962962963
4 0.5880208333333333 0.13055555555555556 0.036458333333333336 0.061111111111111116
4 0.6619791666666667 0.23703703703703705 0.05520833333333333 0.1
4 0.7572916666666667 0.15462962962962964 0.04791666666666666 0.07222222222222223
4 0.6473958333333333 0.11481481481481481 0.034375 0.05925925925925926
4 0.9166666666666666 0.2574074074074074 0.08333333333333333 0.1
4 0.5901041666666667 0.09722222222222222 0.03229166666666666 0.05740740740740741
4 0.6322916666666667 0.07592592592592592 0.03333333333333333 0.05925925925925926
4 0.9760416666666667 0.3824074074074074 0.04583333333333333 0.1388888888888889
3 0.4869791666666667 0.11851851851851852 0.12604166666666666 0.15555555555555556