4 0.6958333333333333 0.7601851851851852 0.14791666666666667 0.3055555555555556
4 0.7385416666666667 0.032407407407407406 0.029166666666666667 0.03888888888888889
4 0.6317708333333333 0.39722222222222225 0.08854166666666667 0.1462962962962963
4 0.7729166666666667 0.026851851851851852 0.027083333333333334 0.03518518518518519
4 0.7609375 0.05462962962962963 0.03229166666666666 0.0462962962962963
5 0.6239583333333333 0.24351851851851852 0.052083333333333336 0.11666666666666667
4 0.7838541666666666 0.07222222222222223 0.03229166666666666 0.04814814814814815
4 0.6234375 0.16018518518518518 0.042708333333333334 0.05740740740740741
4 0.8312499999999999 0.06851851851851852 0.041666666666666664 0.04814814814814815
4 0.728125 0.07962962962962963 0.0375 0.05185185185185186
4 0.534375 0.08425925925925926 0.03125 0.053703703703703705
5 0.5963541666666666 0.08240740740740742 0.036458333333333336 0.07222222222222223
4 0.6828125 0.1398148148148148 0.04479166666666667 0.07222222222222223
5 0.8583333333333333 0.13518518518518519 0.06041666666666667 0.08888888888888889
4 0.515625 0.20925925925925926 0.06458333333333333 0.07407407407407407
4 0.5723958333333333 0.05925925925925926 0.02395833333333333 0.05185185185185186
4 0.9526041666666667 0.23148148148148148 0.09270833333333334 0.0962962962962963
4 0.6401041666666667 0.04722222222222222 0.03229166666666666 0.053703703703703705
3 0.4609375 0.46574074074074073 0.171875 0.4759259259259259