4 0.696875 0.049074074074074076 0.020833333333333332 0.031481481481481485
4 0.7072916666666667 0.05555555555555556 0.022916666666666665 0.02962962962962963
4 0.28229166666666666 0.3425925925925926 0.08125 0.1
4 0.7322916666666667 0.061111111111111116 0.020833333333333332 0.022222222222222223
4 0.7270833333333333 0.02777777777777778 0.01875 0.02962962962962963
4 0.7354166666666666 0.037037037037037035 0.025 0.02592592592592593
4 0.7411458333333333 0.07962962962962963 0.026041666666666668 0.044444444444444446
4 0.7635416666666667 0.062037037037037036 0.022916666666666665 0.03518518518518519
4 0.42864583333333334 0.2351851851851852 0.07604166666666666 0.07407407407407407
4 0.73125 0.0962962962962963 0.027083333333333334 0.044444444444444446
4 0.7869791666666667 0.08796296296296297 0.026041666666666668 0.04259259259259259
4 0.8901041666666667 0.7916666666666667 0.16979166666666667 0.27592592592592596
4 0.7713541666666667 0.11296296296296297 0.034375 0.05185185185185186
5 0.7020833333333333 0.10277777777777779 0.035416666666666666 0.05740740740740741
4 0.6848958333333334 0.26481481481481484 0.05520833333333333 0.08888888888888889
4 0.8312499999999999 0.12314814814814816 0.03958333333333333 0.061111111111111116
4 0.5989583333333334 0.06481481481481481 0.022916666666666665 0.037037037037037035
4 0.5921875 0.04259259259259259 0.015625 0.022222222222222223
4 0.8369791666666666 0.18888888888888888 0.051041666666666666 0.06666666666666667
4 0.9338541666666667 0.21851851851851853 0.065625 0.07777777777777778
4 0.9697916666666666 0.3074074074074074 0.058333333333333334 0.1
4 0.965625 0.14907407407407408 0.06666666666666667 0.061111111111111116
4 0.5802083333333333 0.026851851851851852 0.016666666666666666 0.02777777777777778
4 0.6005208333333333 0.01388888888888889 0.017708333333333333 0.02777777777777778
3 0.5494791666666666 0.08703703703703704 0.04895833333333333 0.10370370370370371