4 0.47031249999999997 0.21574074074074076 0.053125 0.07592592592592592
4 0.6802083333333333 0.9212962962962963 0.1625 0.1537037037037037
4 0.5765625 0.1953703703703704 0.046875 0.07592592592592592
5 0.5270833333333333 0.337037037037037 0.06458333333333333 0.16296296296296298
4 0.7114583333333333 0.075 0.03333333333333333 0.05
4 0.6546875 0.2490740740740741 0.057291666666666664 0.09444444444444444
4 0.7848958333333333 0.10277777777777779 0.03854166666666667 0.05740740740740741
4 0.7526041666666666 0.15 0.04479166666666667 0.06666666666666667
4 0.5776041666666667 0.125 0.036458333333333336 0.06851851851851852
4 0.6484375 0.13148148148148148 0.03854166666666667 0.06296296296296297
4 0.8296875 0.17685185185185187 0.05520833333333333 0.07592592592592592
4 0.6494791666666666 0.09074074074074075 0.03229166666666666 0.05185185185185186
4 0.6015625 0.0925925925925926 0.030208333333333334 0.05185185185185186
3 0.48854166666666665 0.11666666666666667 0.12708333333333333 0.15925925925925927