5 0.6640625 0.837962962962963 0.134375 0.32037037037037036
4 0.8098958333333334 0.22037037037037038 0.03854166666666667 0.05185185185185186
4 0.7473958333333334 0.13148148148148148 0.028125 0.037037037037037035
4 0.7645833333333333 0.1527777777777778 0.03333333333333333 0.04259259259259259
4 0.7255208333333333 0.1527777777777778 0.028125 0.04259259259259259
4 0.7057291666666666 0.13518518518518519 0.026041666666666668 0.037037037037037035
4 0.8057291666666666 0.2518518518518519 0.053125 0.06666666666666667
4 0.7453125 0.4601851851851852 0.08229166666666667 0.13148148148148148
4 0.5927083333333333 0.33611111111111114 0.05416666666666667 0.09444444444444444
4 0.5963541666666666 0.2564814814814815 0.042708333333333334 0.06851851851851852
4 0.5296875 0.22592592592592595 0.034375 0.06296296296296297
4 0.5791666666666666 0.1925925925925926 0.03125 0.05185185185185186
4 0.5734375 0.16481481481481483 0.028125 0.044444444444444446
4 0.9760416666666667 0.38981481481481484 0.04375 0.10555555555555556
3 0.8213541666666666 0.16111111111111112 0.08020833333333333 0.12222222222222223
3 0.9380208333333333 0.22037037037037038 0.121875 0.21851851851851853