4 0.3338541666666667 0.22777777777777777 0.05520833333333333 0.07037037037037037
4 0.4296875 0.22962962962962963 0.046875 0.07407407407407407
4 0.5026041666666666 0.20740740740740743 0.046875 0.07037037037037037
4 0.6166666666666667 0.1574074074074074 0.03333333333333333 0.05555555555555556
4 0.7151041666666667 0.2675925925925926 0.053125 0.08703703703703704
4 0.49374999999999997 0.11018518518518519 0.029166666666666667 0.0462962962962963
4 0.625 0.29074074074074074 0.06458333333333333 0.1
4 0.5171875 0.15 0.03229166666666666 0.05925925925925926
5 0.4734375 0.09166666666666667 0.030208333333333334 0.05740740740740741
4 0.7640625 0.39814814814814814 0.09270833333333334 0.14814814814814814
4 0.6484375 0.4027777777777778 0.08854166666666667 0.1425925925925926
4 0.5276041666666667 0.10277777777777779 0.02395833333333333 0.0462962962962963
4 0.8953125 0.6787037037037037 0.16145833333333334 0.2388888888888889
3 0.8802083333333334 0.31666666666666665 0.17916666666666667 0.2814814814814815
3 0.6666666666666666 0.16574074074074074 0.08125 0.1574074074074074