4 0.4984375 0.6240740740740741 0.109375 0.2
4 0.2734375 0.8064814814814815 0.159375 0.26851851851851855
4 0.5390625 0.39722222222222225 0.06979166666666667 0.10925925925925926
4 0.6515625 0.4953703703703704 0.08229166666666667 0.1462962962962963
4 0.5526041666666667 0.275 0.05520833333333333 0.07962962962962963
4 0.8395833333333333 0.24814814814814815 0.058333333333333334 0.07407407407407407
4 0.5880208333333333 0.20925925925925926 0.040625 0.06296296296296297
4 0.6489583333333333 0.24722222222222223 0.041666666666666664 0.07592592592592592
4 0.5927083333333333 0.17592592592592593 0.03333333333333333 0.05185185185185186
4 0.6536458333333334 0.1638888888888889 0.036458333333333336 0.061111111111111116
3 0.490625 0.18888888888888888 0.12916666666666665 0.15925925925925927