5 0.3234375 0.26481481481481484 0.11979166666666667 0.0925925925925926
4 0.6182291666666666 0.6074074074074074 0.09895833333333333 0.1814814814814815
5 0.5885416666666666 0.29814814814814816 0.04583333333333333 0.11851851851851852
4 0.6921875 0.3074074074074074 0.059375 0.0925925925925926
4 0.8421875 0.2574074074074074 0.05520833333333333 0.07037037037037037
4 0.7958333333333333 0.1574074074074074 0.0375 0.04814814814814815
4 0.80625 0.18611111111111112 0.04375 0.053703703703703705
4 0.7510416666666666 0.1675925925925926 0.03958333333333333 0.0462962962962963
4 0.7520833333333333 0.12962962962962962 0.03125 0.040740740740740744
4 0.7286458333333333 0.14722222222222223 0.03229166666666666 0.04259259259259259
5 0.7083333333333334 0.12037037037037038 0.029166666666666667 0.05185185185185186
4 0.8567708333333334 0.30092592592592593 0.06354166666666666 0.08333333333333334
4 0.6364583333333333 0.20092592592592592 0.035416666666666666 0.05740740740740741
4 0.5723958333333333 0.1814814814814815 0.03229166666666666 0.05555555555555556
4 0.603125 0.14351851851851852 0.027083333333333334 0.0462962962962963
4 0.5359375 0.1388888888888889 0.02395833333333333 0.044444444444444446
3 0.8911458333333333 0.19166666666666668 0.11145833333333333 0.1462962962962963