4 0.6130208333333333 0.1 0.030208333333333334 0.040740740740740744
4 0.5994791666666667 0.1212962962962963 0.030208333333333334 0.04259259259259259
4 0.3125 0.5722222222222223 0.10625 0.17407407407407408
5 0.4635416666666667 0.19074074074074074 0.03958333333333333 0.08148148148148149
4 0.6380208333333334 0.38333333333333336 0.07604166666666666 0.12222222222222223
4 0.721875 0.75 0.15625 0.24074074074074076
4 0.45208333333333334 0.10925925925925926 0.0125 0.037037037037037035
4 0.49374999999999997 0.08055555555555556 0.01875 0.03518518518518519
3 0.9354166666666667 0.4388888888888889 0.12708333333333333 0.3666666666666667
3 0.8723958333333334 0.5740740740740741 0.253125 0.6
3 0.4140625 0.1388888888888889 0.059375 0.12222222222222223