4 0.7807291666666667 0.04814814814814815 0.034375 0.044444444444444446
4 0.7604166666666666 0.08240740740740742 0.03333333333333333 0.0462962962962963
4 0.5739583333333333 0.22314814814814815 0.05416666666666667 0.08703703703703704
4 0.6010416666666667 0.15185185185185185 0.041666666666666664 0.06666666666666667
4 0.690625 0.22962962962962963 0.0625 0.0962962962962963
4 0.7916666666666666 0.12592592592592594 0.04375 0.06296296296296297
4 0.5385416666666667 0.1425925925925926 0.0375 0.06296296296296297
5 0.59375 0.10648148148148148 0.035416666666666666 0.061111111111111116
4 0.6578125 0.12592592592592594 0.042708333333333334 0.05925925925925926
4 0.8583333333333333 0.17592592592592593 0.05625 0.07777777777777778
4 0.5317708333333333 0.09814814814814815 0.030208333333333334 0.044444444444444446
4 0.6270833333333333 0.08611111111111111 0.035416666666666666 0.05740740740740741
4 0.55 0.0712962962962963 0.029166666666666667 0.05
5 0.6359375 0.05925925925925926 0.026041666666666668 0.04814814814814815
3 0.45625 0.5935185185185186 0.21041666666666667 0.6685185185185185