4 0.4734375 0.19722222222222224 0.053125 0.07962962962962963
4 0.3765625 0.7453703703703703 0.171875 0.35370370370370374
4 0.5598958333333334 0.8935185185185186 0.17395833333333333 0.20925925925925926
4 0.5197916666666667 0.38703703703703707 0.08333333333333333 0.14814814814814814
4 0.6380208333333334 0.5240740740740741 0.09895833333333333 0.1962962962962963
5 0.5604166666666667 0.19722222222222224 0.06458333333333333 0.15
4 0.45416666666666666 0.1712962962962963 0.08541666666666667 0.06851851851851852
4 0.7583333333333333 0.05925925925925926 0.03333333333333333 0.05185185185185186
4 0.73125 0.09074074074074075 0.041666666666666664 0.05925925925925926
4 0.81875 0.09074074074074075 0.04375 0.06296296296296297
4 0.5979166666666667 0.14722222222222223 0.04375 0.06851851851851852
4 0.8640625 0.17592592592592593 0.06354166666666666 0.08518518518518518
4 0.9442708333333333 0.1564814814814815 0.06770833333333333 0.09814814814814815
4 0.5755208333333334 0.08888888888888889 0.042708333333333334 0.07037037037037037
4 0.6447916666666667 0.0638888888888889 0.03125 0.05740740740740741
3 0.49374999999999997 0.09722222222222222 0.12708333333333333 0.15