4 0.7885416666666667 0.12685185185185185 0.03333333333333333 0.0462962962962963
4 0.7296875 0.125 0.03229166666666666 0.0462962962962963
4 0.5994791666666667 0.7296296296296296 0.11979166666666667 0.2518518518518519
4 0.6166666666666667 0.37592592592592594 0.06458333333333333 0.12222222222222223
4 0.6203125 0.28703703703703703 0.057291666666666664 0.08888888888888889
4 0.9078125 0.2138888888888889 0.051041666666666666 0.06851851851851852
4 0.6364583333333333 0.18703703703703706 0.03958333333333333 0.06666666666666667
4 0.5770833333333333 0.13055555555555556 0.03125 0.053703703703703705
4 0.5307291666666667 0.12592592592592594 0.028125 0.04814814814814815
4 0.6260416666666666 0.11851851851851852 0.029166666666666667 0.044444444444444446
3 0.75 0.07592592592592592 0.05416666666666667 0.08518518518518518
3 0.840625 0.11666666666666667 0.09166666666666666 0.15555555555555556