4 0.6036458333333333 0.7907407407407407 0.15729166666666666 0.3111111111111111
4 0.48385416666666664 0.10925925925925926 0.02395833333333333 0.040740740740740744
5 0.5822916666666667 0.1462962962962963 0.03125 0.05185185185185186
4 0.5744791666666667 0.11018518518518519 0.030208333333333334 0.05740740740740741
4 0.6484375 0.1574074074074074 0.040625 0.06296296296296297
4 0.6255208333333333 0.09722222222222222 0.03854166666666667 0.061111111111111116
4 0.8473958333333333 0.15555555555555556 0.051041666666666666 0.06296296296296297
4 0.6520833333333333 0.04537037037037037 0.022916666666666665 0.02777777777777778
5 0.6942708333333333 0.053703703703703705 0.026041666666666668 0.040740740740740744
4 0.553125 0.07962962962962963 0.025 0.040740740740740744
4 0.55625 0.04537037037037037 0.01875 0.02777777777777778
3 0.5104166666666666 0.1814814814814815 0.09166666666666666 0.1962962962962963