4 0.46249999999999997 0.19074074074074074 0.058333333333333334 0.08148148148148149
5 0.6864583333333333 0.6814814814814815 0.15 0.3666666666666667
4 0.6453125 0.4277777777777778 0.090625 0.14444444444444446
4 0.5442708333333334 0.17962962962962964 0.042708333333333334 0.07777777777777778
4 0.7703125 0.0462962962962963 0.030208333333333334 0.04814814814814815
4 0.7296875 0.31574074074074077 0.09270833333333334 0.1388888888888889
4 0.5635416666666666 0.13518518518518519 0.03333333333333333 0.06296296296296297
4 0.6401041666666667 0.13055555555555556 0.040625 0.06481481481481481
4 0.6755208333333333 0.1851851851851852 0.051041666666666666 0.08518518518518518
4 0.8015625 0.12592592592592594 0.04479166666666667 0.06666666666666667
4 0.5526041666666667 0.06574074074074074 0.028125 0.0462962962962963
3 0.4552083333333333 0.47962962962962963 0.175 0.4740740740740741