4 0.69375 0.049074074074074076 0.020833333333333332 0.03518518518518519
4 0.70625 0.05462962962962963 0.025 0.03518518518518519
4 0.34270833333333334 0.26666666666666666 0.08125 0.0925925925925926
4 0.7296875 0.06018518518518519 0.026041666666666668 0.031481481481481485
4 0.7380208333333333 0.03981481481481482 0.019791666666666666 0.020370370370370372
4 0.7203125 0.025 0.017708333333333333 0.024074074074074074
4 0.7546875 0.015740740740740743 0.019791666666666666 0.031481481481481485
4 0.7583333333333333 0.05 0.027083333333333334 0.03333333333333333
4 0.7510416666666666 0.08148148148148149 0.022916666666666665 0.04814814814814815
4 0.7661458333333333 0.07314814814814816 0.02395833333333333 0.03888888888888889
4 0.6067708333333334 0.47314814814814815 0.08020833333333333 0.1685185185185185
4 0.5229166666666667 0.17685185185185187 0.04583333333333333 0.06481481481481481
4 0.7635416666666667 0.4564814814814815 0.09583333333333333 0.1574074074074074
4 0.7296875 0.08333333333333334 0.02395833333333333 0.014814814814814815
4 0.7932291666666667 0.1 0.026041666666666668 0.040740740740740744
4 0.6776041666666667 0.24166666666666667 0.059375 0.09444444444444444
4 0.7822916666666666 0.125 0.03958333333333333 0.05740740740740741
5 0.7265625 0.12037037037037038 0.040625 0.07037037037037037
4 0.6328125 0.12222222222222223 0.036458333333333336 0.05555555555555556
4 0.8526041666666666 0.17962962962962964 0.05520833333333333 0.08518518518518518
4 0.5770833333333333 0.028703703703703703 0.01875 0.031481481481481485
4 0.5953125 0.016666666666666666 0.015625 0.03333333333333333
4 0.9520833333333333 0.31203703703703706 0.09375 0.10555555555555556
3 0.5395833333333333 0.05462962962962963 0.0375 0.08703703703703704