4 0.609375 0.08703703703703704 0.027083333333333334 0.044444444444444446
4 0.6239583333333333 0.13703703703703704 0.027083333333333334 0.044444444444444446
4 0.3484375 0.2064814814814815 0.059375 0.06481481481481481
4 0.4453125 0.18888888888888888 0.03854166666666667 0.06666666666666667
4 0.5078125 0.1638888888888889 0.036458333333333336 0.061111111111111116
4 0.6130208333333333 0.17314814814814816 0.03854166666666667 0.06481481481481481
4 0.721875 0.3 0.07291666666666667 0.10370370370370371
4 0.496875 0.09166666666666667 0.027083333333333334 0.04259259259259259
4 0.6421875 0.3425925925925926 0.07604166666666666 0.11851851851851852
4 0.5213541666666667 0.11944444444444445 0.028125 0.05
5 0.47760416666666666 0.07685185185185185 0.028125 0.053703703703703705
4 0.8145833333333333 0.4777777777777778 0.11875 0.17407407407407408
4 0.6765625 0.5231481481481481 0.109375 0.19074074074074074
4 0.5265625 0.08333333333333334 0.019791666666666666 0.02962962962962963
3 0.9036458333333334 0.35185185185185186 0.190625 0.32592592592592595
3 0.6791666666666667 0.1814814814814815 0.09166666666666666 0.17777777777777778