4 0.6364583333333333 0.4444444444444445 0.08541666666666667 0.15555555555555556
4 0.8161458333333333 0.837962962962963 0.21145833333333333 0.29074074074074074
4 0.7625 0.058333333333333334 0.035416666666666666 0.04259259259259259
4 0.7421875 0.3027777777777778 0.078125 0.11666666666666667
4 0.6213541666666667 0.19166666666666668 0.051041666666666666 0.08333333333333334
4 0.7953125 0.07592592592592592 0.040625 0.05555555555555556
4 0.7041666666666666 0.036111111111111115 0.027083333333333334 0.0462962962962963
4 0.7921875 0.030555555555555558 0.030208333333333334 0.03888888888888889
4 0.6020833333333333 0.1277777777777778 0.0375 0.06296296296296297
4 0.6921875 0.16666666666666669 0.04895833333333333 0.07407407407407407
4 0.7286458333333333 0.08055555555555556 0.036458333333333336 0.05
4 0.8760416666666666 0.10277777777777779 0.04375 0.05740740740740741
4 0.8651041666666667 0.15555555555555556 0.057291666666666664 0.07037037037037037
5 0.5984375 0.07777777777777778 0.028125 0.05185185185185186
4 0.9067708333333333 0.20740740740740743 0.057291666666666664 0.08518518518518518
4 0.59375 0.05 0.022916666666666665 0.037037037037037035
4 0.975 0.2814814814814815 0.04791666666666666 0.10740740740740741
3 0.515625 0.2212962962962963 0.09583333333333333 0.23148148148148148