4 0.6479166666666667 0.3574074074074074 0.07916666666666666 0.14074074074074075
4 0.5791666666666666 0.2833333333333333 0.06041666666666667 0.10370370370370371
5 0.6177083333333333 0.2175925925925926 0.052083333333333336 0.10925925925925926
4 0.8619791666666666 0.6444444444444445 0.15520833333333334 0.2555555555555556
4 0.5578125 0.19351851851851853 0.053125 0.07962962962962963
4 0.7723958333333333 0.3462962962962963 0.10104166666666667 0.17037037037037037
4 0.6088541666666667 0.14814814814814814 0.046875 0.07407407407407407
5 0.6947916666666667 0.17037037037037037 0.05 0.10740740740740741
4 0.7869791666666667 0.06018518518518519 0.034375 0.053703703703703705
4 0.6541666666666667 0.11851851851851852 0.03958333333333333 0.06666666666666667
4 0.85 0.0787037037037037 0.04375 0.053703703703703705
4 0.8135416666666666 0.11574074074074074 0.04791666666666666 0.061111111111111116
4 0.65625 0.08703703703703704 0.035416666666666666 0.044444444444444446
4 0.5947916666666666 0.05925925925925926 0.03125 0.04814814814814815
4 0.9260416666666667 0.2101851851851852 0.07083333333333333 0.08333333333333334
3 0.4588541666666667 0.5796296296296296 0.21562499999999998 0.6666666666666667