4 0.50625 0.17592592592592593 0.0375 0.06666666666666667
4 0.6036458333333333 0.30833333333333335 0.06145833333333333 0.11666666666666667
5 0.5317708333333333 0.22777777777777777 0.06354166666666666 0.12222222222222223
4 0.5796875 0.1814814814814815 0.04895833333333333 0.07037037037037037
4 0.6598958333333333 0.03981481481481482 0.028125 0.04259259259259259
4 0.6572916666666666 0.19166666666666668 0.06458333333333333 0.09814814814814815
4 0.8557291666666667 0.8777777777777778 0.19479166666666667 0.2
4 0.7130208333333333 0.06296296296296297 0.03229166666666666 0.040740740740740744
4 0.5796875 0.07777777777777778 0.03229166666666666 0.05555555555555556
3 0.5145833333333333 0.04814814814814815 0.03958333333333333 0.0962962962962963
4 0.809375 0.12037037037037038 0.04583333333333333 0.06296296296296297
4 0.5536458333333333 0.040740740740740744 0.019791666666666666 0.044444444444444446
4 0.6010416666666667 0.04351851851851852 0.029166666666666667 0.03888888888888889
3 0.45208333333333334 0.4712962962962963 0.17291666666666666 0.512962962962963