4 0.46197916666666666 0.18425925925925926 0.057291666666666664 0.07962962962962963
5 0.6947916666666667 0.8444444444444444 0.1875 0.3074074074074074
4 0.6598958333333333 0.5444444444444445 0.10520833333333333 0.2
4 0.5354166666666667 0.19166666666666668 0.058333333333333334 0.08333333333333334
4 0.7625 0.025 0.027083333333333334 0.05
4 0.7880208333333333 0.43333333333333335 0.121875 0.18888888888888888
4 0.5625 0.14351851851851852 0.035416666666666666 0.06481481481481481
4 0.6546875 0.16296296296296298 0.04895833333333333 0.07407407407407407
4 0.6947916666666667 0.24537037037037038 0.06458333333333333 0.10185185185185186
4 0.78125 0.08888888888888889 0.03958333333333333 0.05925925925925926
4 0.5510416666666667 0.07407407407407407 0.03125 0.05185185185185186
3 0.45729166666666665 0.4759259259259259 0.17708333333333334 0.4703703703703704