4 0.8010416666666667 0.13148148148148148 0.0375 0.04814814814814815
4 0.6479166666666667 0.6861111111111111 0.13125 0.2833333333333333
4 0.44114583333333335 0.8675925925925926 0.15520833333333334 0.2611111111111111
4 0.8755208333333333 0.7111111111111111 0.15520833333333334 0.2518518518518519
5 0.5890625 0.28055555555555556 0.053125 0.1277777777777778
5 0.5901041666666667 0.16666666666666669 0.03229166666666666 0.07777777777777778
4 0.5661458333333333 0.12685185185185185 0.028125 0.0462962962962963
4 0.6119791666666666 0.1 0.02395833333333333 0.040740740740740744
4 0.5697916666666667 0.08518518518518518 0.022916666666666665 0.037037037037037035
3 0.7390625 0.061111111111111116 0.06354166666666666 0.10370370370370371
3 0.9317708333333333 0.1962962962962963 0.134375 0.1851851851851852