4 0.6078125 0.08425925925925926 0.021875 0.03888888888888889
4 0.621875 0.13055555555555556 0.029166666666666667 0.03888888888888889
4 0.3416666666666667 0.21481481481481482 0.06041666666666667 0.07037037037037037
4 0.4395833333333333 0.20185185185185187 0.04375 0.07407407407407407
4 0.5052083333333334 0.17962962962962964 0.03958333333333333 0.07037037037037037
4 0.6151041666666667 0.16574074074074074 0.03854166666666667 0.061111111111111116
4 0.7171875 0.28240740740740744 0.065625 0.09444444444444444
4 0.4953125 0.09907407407407408 0.028125 0.05
4 0.6348958333333333 0.3194444444444445 0.071875 0.12037037037037038
4 0.5192708333333333 0.12685185185185185 0.026041666666666668 0.04259259259259259
5 0.4744791666666667 0.08333333333333334 0.030208333333333334 0.05925925925925926
4 0.7911458333333333 0.4416666666666667 0.103125 0.15
4 0.6635416666666667 0.46574074074074073 0.09583333333333333 0.16481481481481483
4 0.5270833333333333 0.08796296296296297 0.022916666666666665 0.03518518518518519
4 0.9203125 0.7796296296296297 0.11562499999999999 0.2814814814814815
3 0.8916666666666666 0.33796296296296297 0.18125 0.3092592592592593
3 0.675 0.17592592592592593 0.08541666666666667 0.17777777777777778