4 0.47239583333333335 0.2101851851851852 0.053125 0.07962962962962963
4 0.5427083333333333 0.33981481481481485 0.07083333333333333 0.13518518518518519
5 0.340625 0.9342592592592593 0.1625 0.1277777777777778
4 0.6932291666666667 0.8074074074074075 0.14895833333333333 0.2814814814814815
4 0.715625 0.0638888888888889 0.03125 0.05
4 0.5588541666666667 0.1638888888888889 0.046875 0.08703703703703704
4 0.6416666666666666 0.23055555555555557 0.05625 0.09444444444444444
4 0.7859375 0.06759259259259259 0.034375 0.05
4 0.6463541666666667 0.1398148148148148 0.042708333333333334 0.06851851851851852
4 0.5916666666666667 0.1175925925925926 0.03958333333333333 0.061111111111111116
4 0.8916666666666666 0.24166666666666667 0.07708333333333334 0.10185185185185186
4 0.8609375 0.3842592592592593 0.10104166666666667 0.13518518518518519
4 0.64375 0.09814814814814815 0.035416666666666666 0.05555555555555556
5 0.5927083333333333 0.07037037037037037 0.041666666666666664 0.07407407407407407
3 0.4869791666666667 0.10648148148148148 0.128125 0.15