4 0.7390625 0.8694444444444445 0.171875 0.2574074074074074
4 0.6322916666666667 0.28240740740740744 0.06458333333333333 0.10925925925925926
4 0.7359375 0.037037037037037035 0.03229166666666666 0.04814814814814815
4 0.5645833333333333 0.2388888888888889 0.05416666666666667 0.0925925925925926
5 0.6098958333333333 0.18425925925925926 0.046875 0.09444444444444444
4 0.7723958333333333 0.38703703703703707 0.096875 0.15185185185185185
4 0.7921875 0.04537037037037037 0.030208333333333334 0.0462962962962963
4 0.5479166666666666 0.1638888888888889 0.04583333333333333 0.07222222222222223
4 0.7213541666666666 0.2351851851851852 0.071875 0.12222222222222223
4 0.5979166666666667 0.12685185185185185 0.04583333333333333 0.07592592592592592
5 0.675 0.12685185185185185 0.04583333333333333 0.08703703703703704
4 0.7994791666666666 0.08703703703703704 0.03854166666666667 0.05925925925925926
4 0.6380208333333334 0.0925925925925926 0.034375 0.05925925925925926
4 0.8760416666666666 0.1 0.04791666666666666 0.05925925925925926
4 0.8526041666666666 0.1564814814814815 0.059375 0.07222222222222223
4 0.646875 0.06574074074074074 0.029166666666666667 0.04259259259259259
4 0.5921875 0.03981481481481482 0.028125 0.03888888888888889
3 0.4583333333333333 0.575925925925926 0.21875 0.6777777777777778