4 0.7067708333333333 0.7925925925925926 0.140625 0.3
4 0.49947916666666664 0.16018518518518518 0.057291666666666664 0.07592592592592592
5 0.6182291666666666 0.2712962962962963 0.06979166666666667 0.1462962962962963
5 0.7479166666666667 0.040740740740740744 0.03125 0.05555555555555556
4 0.6380208333333334 0.46296296296296297 0.09895833333333333 0.16296296296296298
4 0.5932291666666667 0.2064814814814815 0.046875 0.08703703703703704
4 0.7989583333333333 0.0638888888888889 0.03125 0.05
4 0.7625 0.3194444444444445 0.09166666666666666 0.1462962962962963
4 0.553125 0.11203703703703705 0.03125 0.05740740740740741
4 0.8364583333333333 0.12592592592592594 0.04791666666666666 0.07037037037037037
4 0.6286458333333333 0.10370370370370371 0.040625 0.07037037037037037
4 0.5619791666666667 0.06574074074074074 0.02395833333333333 0.04259259259259259
3 0.4583333333333333 0.48055555555555557 0.175 0.48333333333333334