4 0.4708333333333333 0.21296296296296297 0.052083333333333336 0.08148148148148149
4 0.55 0.3111111111111111 0.06458333333333333 0.11851851851851852
5 0.3890625 0.8361111111111111 0.16979166666666667 0.32407407407407407
4 0.6828125 0.6574074074074074 0.121875 0.2518518518518519
4 0.71875 0.075 0.03125 0.05
4 0.5619791666666667 0.15833333333333333 0.046875 0.08333333333333334
4 0.64375 0.21203703703703705 0.052083333333333336 0.08703703703703704
4 0.7875 0.0787037037037037 0.035416666666666666 0.053703703703703705
4 0.6458333333333334 0.13148148148148148 0.041666666666666664 0.06666666666666667
4 0.5942708333333333 0.1175925925925926 0.03854166666666667 0.061111111111111116
4 0.915625 0.27685185185185185 0.08541666666666667 0.10555555555555556
4 0.8916666666666666 0.4527777777777778 0.11666666666666667 0.1537037037037037
3 0.48854166666666665 0.10925925925925926 0.125 0.15555555555555556