3 0.4796875 0.15925925925925927 0.090625 0.27037037037037037
5 0.9296875 0.7740740740740741 0.13854166666666667 0.4
4 0.65 0.48333333333333334 0.10208333333333333 0.1925925925925926
4 0.6104166666666666 0.27222222222222225 0.06875 0.10740740740740741
4 0.5848958333333333 0.1425925925925926 0.040625 0.07037037037037037
4 0.7557291666666667 0.05277777777777778 0.036458333333333336 0.04259259259259259
4 0.6130208333333333 0.08981481481481482 0.03229166666666666 0.061111111111111116
4 0.5333333333333333 0.05462962962962963 0.03125 0.0462962962962963
4 0.6984375 0.09074074074074075 0.04479166666666667 0.07037037037037037
4 0.4890625 0.11851851851851852 0.08645833333333333 0.04814814814814815
4 0.81875 0.16203703703703703 0.0625 0.07592592592592592
3 0.3927083333333333 0.8027777777777778 0.3375 0.3907407407407408