4 0.5010416666666666 0.16111111111111112 0.0375 0.06296296296296297
4 0.5822916666666667 0.20740740740740743 0.04583333333333333 0.07777777777777778
4 0.8312499999999999 0.6037037037037037 0.13333333333333333 0.22962962962962963
5 0.5177083333333333 0.19351851851851853 0.04791666666666666 0.10925925925925926
4 0.5625 0.14351851851851852 0.03958333333333333 0.06481481481481481
4 0.6864583333333333 0.08611111111111111 0.035416666666666666 0.053703703703703705
4 0.7104166666666667 0.06574074074074074 0.03125 0.05
4 0.5895833333333333 0.10462962962962963 0.041666666666666664 0.06481481481481481
4 0.6578125 0.1824074074074074 0.053125 0.08703703703703704
4 0.7854166666666667 0.15185185185185185 0.05 0.07037037037037037
4 0.5651041666666666 0.04166666666666667 0.026041666666666668 0.04259259259259259
3 0.5161458333333333 0.03796296296296296 0.036458333333333336 0.07592592592592592
3 0.4473958333333333 0.4703703703703704 0.171875 0.5074074074074074