4 0.6479166666666667 0.48240740740740745 0.11666666666666667 0.17222222222222222
4 0.6953125 0.9064814814814816 0.16354166666666667 0.15
3 0.49635416666666665 0.10092592592592593 0.06145833333333333 0.20185185185185187
4 0.6046875 0.2518518518518519 0.059375 0.1
4 0.9276041666666667 0.837962962962963 0.14270833333333333 0.27222222222222225
4 0.6953125 0.25925925925925924 0.06770833333333333 0.10740740740740741
5 0.6625 0.15833333333333333 0.05416666666666667 0.09814814814814815
4 0.578125 0.1277777777777778 0.03958333333333333 0.06296296296296297
4 0.7041666666666666 0.05092592592592593 0.03125 0.0462962962962963
4 0.5901041666666667 0.08888888888888889 0.034375 0.05185185185185186
4 0.5552083333333333 0.04537037037037037 0.025 0.03888888888888889
4 0.8265625 0.17962962962962964 0.06770833333333333 0.08148148148148149
3 0.4380208333333333 0.5638888888888889 0.203125 0.6648148148148149