4 0.596875 0.08796296296296297 0.025 0.03888888888888889
5 0.33229166666666665 0.4638888888888889 0.09166666666666666 0.21296296296296297
4 0.6145833333333334 0.20740740740740743 0.04583333333333333 0.07037037037037037
4 0.6380208333333334 0.362962962962963 0.071875 0.11481481481481481
4 0.4223958333333333 0.1425925925925926 0.034375 0.05185185185185186
4 0.4791666666666667 0.10555555555555556 0.025 0.044444444444444446
4 0.525 0.08425925925925926 0.020833333333333332 0.03518518518518519
4 0.6729166666666666 0.5324074074074074 0.11041666666666666 0.16481481481481483
4 0.8942708333333333 0.6944444444444444 0.16354166666666667 0.22962962962962963
3 0.9322916666666666 0.4462962962962963 0.13333333333333333 0.3962962962962963
3 0.7770833333333333 0.3592592592592593 0.16875 0.35185185185185186
3 0.36354166666666665 0.2212962962962963 0.08958333333333333 0.19074074074074074