4 0.6947916666666667 0.05 0.020833333333333332 0.03333333333333333
4 0.7072916666666667 0.05648148148148149 0.025 0.03518518518518519
4 0.3484375 0.2638888888888889 0.08229166666666667 0.09074074074074075
4 0.7307291666666667 0.061111111111111116 0.026041666666666668 0.02962962962962963
4 0.7390625 0.03981481481481482 0.019791666666666666 0.020370370370370372
4 0.7213541666666666 0.026851851851851852 0.017708333333333333 0.024074074074074074
4 0.7567708333333333 0.017592592592592594 0.021875 0.03518518518518519
4 0.7609375 0.049074074074074076 0.026041666666666668 0.02777777777777778
4 0.7510416666666666 0.08425925925925926 0.025 0.05
4 0.7666666666666666 0.07407407407407407 0.022916666666666665 0.040740740740740744
4 0.60625 0.4425925925925926 0.07708333333333334 0.15555555555555556
4 0.5276041666666667 0.17407407407407408 0.042708333333333334 0.06296296296296297
4 0.7515625 0.4222222222222222 0.08854166666666667 0.14444444444444446
4 0.7307291666666667 0.08611111111111111 0.026041666666666668 0.016666666666666666
4 0.7932291666666667 0.09722222222222222 0.026041666666666668 0.03518518518518519
4 0.6734375 0.22685185185185186 0.05520833333333333 0.08703703703703704
4 0.784375 0.12685185185185185 0.03958333333333333 0.05740740740740741
5 0.728125 0.125 0.03958333333333333 0.06851851851851852
4 0.6307291666666667 0.11851851851851852 0.034375 0.05555555555555556
4 0.8567708333333334 0.1851851851851852 0.05520833333333333 0.08518518518518518
4 0.5765625 0.02777777777777778 0.017708333333333333 0.02962962962962963
4 0.5953125 0.014814814814814815 0.015625 0.02962962962962963
4 0.9583333333333334 0.32407407407407407 0.08125 0.10740740740740741
3 0.5411458333333333 0.05277777777777778 0.036458333333333336 0.08703703703703704