4 0.8114583333333333 0.6712962962962963 0.13541666666666666 0.21666666666666667
4 0.6265625 0.49259259259259264 0.08020833333333333 0.13703703703703704
5 0.47760416666666666 0.25277777777777777 0.09270833333333334 0.09444444444444444
4 0.5880208333333333 0.23240740740740742 0.03854166666666667 0.061111111111111116
5 0.578125 0.17685185185185187 0.027083333333333334 0.06481481481481481
4 0.6166666666666667 0.15555555555555556 0.029166666666666667 0.04814814814814815
4 0.9390625 0.3740740740740741 0.084375 0.0962962962962963
4 0.8447916666666666 0.22314814814814815 0.03958333333333333 0.061111111111111116
4 0.775 0.21851851851851853 0.0375 0.05555555555555556
4 0.7744791666666666 0.19814814814814816 0.042708333333333334 0.04814814814814815
4 0.7765625 0.17592592592592593 0.04479166666666667 0.05185185185185186
4 0.7390625 0.17037037037037037 0.034375 0.04814814814814815
4 0.7458333333333333 0.13611111111111113 0.03125 0.053703703703703705
5 0.7208333333333333 0.1462962962962963 0.029166666666666667 0.05555555555555556
4 0.7057291666666666 0.1388888888888889 0.028125 0.040740740740740744
4 0.6859375 0.12407407407407407 0.026041666666666668 0.037037037037037035
4 0.7192708333333333 0.11851851851851852 0.028125 0.03333333333333333
4 0.9484374999999999 0.4666666666666667 0.10104166666666667 0.13333333333333333
4 0.5989583333333334 0.13333333333333333 0.022916666666666665 0.037037037037037035
3 0.9802083333333333 0.27685185185185185 0.0375 0.17962962962962964