4 0.48333333333333334 0.13796296296296298 0.027083333333333334 0.08703703703703704
5 0.6729166666666666 0.7546296296296297 0.14375 0.2833333333333333
4 0.6072916666666667 0.30462962962962964 0.07083333333333333 0.1277777777777778
4 0.921875 0.8138888888888889 0.15416666666666667 0.3314814814814815
4 0.7078125 0.04166666666666667 0.030208333333333334 0.03888888888888889
4 0.5744791666666667 0.19444444444444445 0.04895833333333333 0.08148148148148149
4 0.5671875 0.125 0.034375 0.061111111111111116
4 0.6192708333333333 0.10185185185185186 0.034375 0.06296296296296297
5 0.49635416666666665 0.14444444444444446 0.07604166666666666 0.08888888888888889
4 0.5536458333333333 0.061111111111111116 0.026041666666666668 0.044444444444444446
4 0.8385416666666666 0.287962962962963 0.0875 0.11666666666666667
3 0.45625 0.4462962962962963 0.16041666666666665 0.4703703703703704