4 0.45208333333333334 0.8027777777777778 0.15 0.2833333333333333
4 0.525 0.46944444444444444 0.07916666666666666 0.13518518518518519
4 0.6619791666666667 0.662962962962963 0.10729166666666666 0.21851851851851853
4 0.5380208333333333 0.3194444444444445 0.06145833333333333 0.09444444444444444
4 0.8208333333333333 0.22962962962962963 0.052083333333333336 0.07037037037037037
4 0.5822916666666667 0.23703703703703705 0.04375 0.07407407407407407
4 0.6515625 0.29444444444444445 0.046875 0.08518518518518518
4 0.5911458333333334 0.19444444444444445 0.034375 0.05555555555555556
4 0.6552083333333333 0.19166666666666668 0.0375 0.06851851851851852
4 0.6067708333333334 0.16111111111111112 0.030208333333333334 0.04814814814814815
3 0.49374999999999997 0.19074074074074074 0.12708333333333333 0.15925925925925927