4 0.47552083333333334 0.13333333333333333 0.02395833333333333 0.08518518518518518
5 0.6317708333333333 0.4898148148148148 0.09895833333333333 0.18333333333333335
4 0.5916666666666667 0.24814814814814815 0.05625 0.0925925925925926
4 0.8015625 0.5046296296296297 0.134375 0.2425925925925926
4 0.7197916666666666 0.05555555555555556 0.035416666666666666 0.044444444444444446
4 0.5703125 0.16481481481481483 0.04479166666666667 0.06666666666666667
4 0.5630208333333333 0.11018518518518519 0.03854166666666667 0.05740740740740741
4 0.6078125 0.08611111111111111 0.03229166666666666 0.0462962962962963
5 0.4848958333333333 0.14074074074074075 0.06770833333333333 0.08148148148148149
4 0.5520833333333334 0.05092592592592593 0.022916666666666665 0.03888888888888889
4 0.8854166666666666 0.3527777777777778 0.11041666666666666 0.1388888888888889
3 0.459375 0.4083333333333333 0.14375 0.4203703703703704