4 0.33125 0.22592592592592595 0.04791666666666666 0.07037037037037037
4 0.3442708333333333 0.4287037037037037 0.08854166666666667 0.1425925925925926
4 0.46458333333333335 0.45740740740740743 0.09375 0.15925925925925927
4 0.7255208333333333 0.17685185185185187 0.040625 0.061111111111111116
4 0.4822916666666667 0.15 0.035416666666666666 0.06666666666666667
4 0.596875 0.18611111111111112 0.041666666666666664 0.06851851851851852
4 0.49895833333333334 0.24814814814814815 0.04583333333333333 0.08518518518518518
5 0.4473958333333333 0.12407407407407407 0.03854166666666667 0.07037037037037037
4 0.696875 0.24814814814814815 0.06041666666666667 0.08518518518518518
4 0.609375 0.24074074074074076 0.05625 0.08888888888888889
4 0.51875 0.17037037037037037 0.03958333333333333 0.06666666666666667
4 0.7833333333333333 0.39351851851851855 0.08958333333333333 0.13518518518518519
4 0.8635416666666667 0.5768518518518518 0.15 0.2240740740740741
4 0.4901041666666667 0.0962962962962963 0.026041666666666668 0.037037037037037035
3 0.8109375 0.23333333333333334 0.13020833333333334 0.20370370370370372
3 0.6453125 0.13425925925925927 0.06770833333333333 0.1425925925925926