4 0.6385416666666667 0.3212962962962963 0.07083333333333333 0.1277777777777778
4 0.5708333333333333 0.2611111111111111 0.05625 0.1
5 0.6135416666666667 0.20277777777777778 0.05 0.10185185185185186
4 0.80625 0.48888888888888893 0.12083333333333333 0.1851851851851852
4 0.7833333333333333 0.04166666666666667 0.029166666666666667 0.04259259259259259
4 0.5526041666666667 0.18055555555555555 0.04895833333333333 0.07592592592592592
4 0.7447916666666666 0.28425925925925927 0.08333333333333333 0.1425925925925926
4 0.6036458333333333 0.1398148148148148 0.046875 0.07592592592592592
5 0.6838541666666667 0.14907407407407408 0.04479166666666667 0.09814814814814815
4 0.7916666666666666 0.0712962962962963 0.03333333333333333 0.053703703703703705
4 0.646875 0.10833333333333334 0.035416666666666666 0.061111111111111116
4 0.8630208333333333 0.09074074074074075 0.04479166666666667 0.05925925925925926
4 0.8317708333333333 0.13703703703703704 0.05520833333333333 0.06296296296296297
4 0.6510416666666666 0.08055555555555556 0.03333333333333333 0.04259259259259259
4 0.5932291666666667 0.05092592592592593 0.028125 0.0462962962962963
4 0.9578125 0.24444444444444446 0.07604166666666666 0.1
3 0.45468749999999997 0.5787037037037037 0.22604166666666667 0.6685185185185185