4 0.6588541666666666 0.5564814814814815 0.11562499999999999 0.21666666666666667
5 0.6057291666666667 0.32962962962962966 0.06145833333333333 0.16296296296296298
4 0.7364583333333333 0.3277777777777778 0.08541666666666667 0.13333333333333333
4 0.6166666666666667 0.18055555555555555 0.04791666666666666 0.07962962962962963
4 0.8 0.04259259259259259 0.035416666666666666 0.040740740740740744
4 0.7479166666666667 0.0462962962962963 0.03125 0.044444444444444446
4 0.759375 0.06481481481481481 0.0375 0.044444444444444446
4 0.7625 0.09722222222222222 0.035416666666666666 0.061111111111111116
4 0.5348958333333333 0.27685185185185185 0.06979166666666667 0.10185185185185186
4 0.8359375 0.13240740740740742 0.053125 0.06481481481481481
4 0.6609375 0.11666666666666667 0.03854166666666667 0.06296296296296297
4 0.5979166666666667 0.07685185185185185 0.03125 0.05
4 0.9041666666666667 0.1712962962962963 0.0625 0.07962962962962963
4 0.8239583333333333 0.20185185185185187 0.0625 0.08888888888888889
4 0.9057291666666667 0.12314814814814816 0.05520833333333333 0.06481481481481481
3 0.5395833333333333 0.08981481481481482 0.05416666666666667 0.13148148148148148