4 0.46458333333333335 0.1814814814814815 0.05625 0.08148148148148149
4 0.6682291666666667 0.65 0.121875 0.23333333333333334
4 0.5239583333333333 0.1953703703703704 0.06666666666666667 0.07962962962962963
4 0.8416666666666667 0.5611111111111111 0.15625 0.24444444444444446
4 0.5619791666666667 0.1527777777777778 0.03854166666666667 0.07222222222222223
4 0.6625 0.18611111111111112 0.05 0.07962962962962963
4 0.7119791666666666 0.3037037037037037 0.07604166666666666 0.12222222222222223
4 0.7729166666666667 0.07592592592592592 0.0375 0.05555555555555556
4 0.5515625 0.08055555555555556 0.034375 0.0462962962962963
4 0.9536458333333333 0.2601851851851852 0.090625 0.09814814814814815
3 0.45468749999999997 0.4703703703703704 0.17604166666666665 0.4703703703703704