4 0.4739583333333333 0.19814814814814816 0.05625 0.08148148148148149
4 0.4614583333333333 0.6685185185185185 0.13541666666666666 0.25925925925925924
5 0.5291666666666667 0.3101851851851852 0.0875 0.20925925925925926
4 0.4536458333333333 0.17314814814814816 0.08229166666666667 0.07222222222222223
4 0.7119791666666666 0.049074074074074076 0.034375 0.05
4 0.7942708333333334 0.04722222222222222 0.034375 0.053703703703703705
4 0.5807291666666666 0.22222222222222224 0.053125 0.0925925925925926
4 0.80625 0.10185185185185186 0.04583333333333333 0.06666666666666667
4 0.8572916666666667 0.07407407407407407 0.04583333333333333 0.07037037037037037
4 0.5921875 0.1 0.040625 0.07037037037037037
4 0.6489583333333333 0.10462962962962963 0.0375 0.06851851851851852
4 0.64375 0.06296296296296297 0.03333333333333333 0.04814814814814815
3 0.49166666666666664 0.08796296296296297 0.12708333333333333 0.1462962962962963