4 0.7427083333333333 0.049074074074074076 0.03125 0.04259259259259259
4 0.6020833333333333 0.2888888888888889 0.06666666666666667 0.11481481481481481
4 0.6078125 0.17222222222222222 0.046875 0.08148148148148149
4 0.7390625 0.32962962962962966 0.08645833333333333 0.13703703703703704
4 0.7703125 0.08518518518518518 0.040625 0.05925925925925926
4 0.5442708333333334 0.15462962962962964 0.03854166666666667 0.07592592592592592
5 0.5994791666666667 0.11481481481481481 0.03854166666666667 0.07037037037037037
4 0.6802083333333333 0.15833333333333333 0.04791666666666666 0.07222222222222223
4 0.8276041666666667 0.1175925925925926 0.042708333333333334 0.06481481481481481
4 0.5302083333333333 0.11018518518518519 0.03333333333333333 0.061111111111111116
4 0.6494791666666666 0.10555555555555556 0.04479166666666667 0.06666666666666667
4 0.5619791666666667 0.07407407407407407 0.034375 0.05185185185185186
5 0.6427083333333333 0.05740740740740741 0.029166666666666667 0.044444444444444446
4 0.9057291666666667 0.2111111111111111 0.071875 0.0925925925925926
4 0.6052083333333333 0.04537037037037037 0.027083333333333334 0.0462962962962963
4 0.9760416666666667 0.19351851851851853 0.04583333333333333 0.09074074074074075
3 0.45625 0.5777777777777778 0.21458333333333332 0.6703703703703704