4 0.6708333333333333 0.48055555555555557 0.09166666666666666 0.1685185185185185
4 0.5182291666666666 0.14814814814814814 0.042708333333333334 0.07037037037037037
5 0.6083333333333333 0.21574074074074076 0.058333333333333334 0.12037037037037038
5 0.7604166666666666 0.05555555555555556 0.035416666666666666 0.05555555555555556
4 0.5822916666666667 0.35833333333333334 0.0875 0.12407407407407407
4 0.5901041666666667 0.16018518518518518 0.040625 0.07592592592592592
4 0.7979166666666666 0.09074074074074075 0.03958333333333333 0.05555555555555556
4 0.709375 0.20925925925925926 0.06458333333333333 0.10370370370370371
4 0.5520833333333334 0.08981481481481482 0.029166666666666667 0.053703703703703705
4 0.8791666666666667 0.17592592592592593 0.058333333333333334 0.08148148148148149
4 0.6135416666666667 0.07037037037037037 0.035416666666666666 0.05555555555555556
4 0.5619791666666667 0.04814814814814815 0.021875 0.03333333333333333
3 0.4552083333333333 0.47500000000000003 0.17291666666666666 0.46851851851851856