4 0.6161458333333333 0.10740740740740741 0.03229166666666666 0.044444444444444446
4 0.5994791666666667 0.13240740740740742 0.030208333333333334 0.04259259259259259
4 0.35885416666666664 0.4398148148148148 0.08645833333333333 0.13148148148148148
4 0.4359375 0.6824074074074075 0.121875 0.2351851851851852
5 0.475 0.16296296296296298 0.035416666666666666 0.07407407407407407
4 0.6515625 0.45555555555555555 0.09270833333333334 0.14444444444444446
4 0.7625 0.887962962962963 0.1875 0.22037037037037038
4 0.45677083333333335 0.10185185185185186 0.011458333333333333 0.02962962962962963
3 0.9354166666666667 0.4398148148148148 0.12708333333333333 0.3685185185185185
3 0.8807291666666667 0.638888888888889 0.23645833333333333 0.6777777777777778
3 0.42291666666666666 0.1277777777777778 0.05625 0.11481481481481481