4 0.25677083333333334 0.9314814814814815 0.18229166666666666 0.13333333333333333
5 0.41510416666666666 0.42129629629629634 0.10104166666666667 0.20925925925925926
4 0.6208333333333333 0.5787037037037037 0.10416666666666667 0.22037037037037038
4 0.7614583333333333 0.07962962962962963 0.03333333333333333 0.05555555555555556
4 0.5140625 0.17962962962962964 0.06354166666666666 0.07037037037037037
4 0.7322916666666667 0.11388888888888889 0.041666666666666664 0.06851851851851852
4 0.6 0.15092592592592594 0.041666666666666664 0.07222222222222223
4 0.5859375 0.12222222222222223 0.036458333333333336 0.05925925925925926
4 0.6567708333333333 0.19351851851851853 0.046875 0.08333333333333334
4 0.7817708333333333 0.20462962962962963 0.057291666666666664 0.08333333333333334
4 0.6458333333333334 0.10092592592592593 0.03333333333333333 0.05740740740740741
4 0.9567708333333333 0.32962962962962966 0.084375 0.12592592592592594
3 0.4875 0.11666666666666667 0.125 0.14814814814814814