4 0.6458333333333334 0.4851851851851852 0.10625 0.1851851851851852
5 0.6104166666666666 0.2898148148148148 0.05625 0.1425925925925926
4 0.7182291666666667 0.287962962962963 0.07604166666666666 0.11666666666666667
4 0.6140625 0.16666666666666669 0.042708333333333334 0.08148148148148149
4 0.8072916666666666 0.05092592592592593 0.035416666666666666 0.04259259259259259
4 0.7578125 0.05740740740740741 0.034375 0.044444444444444446
4 0.7703125 0.08333333333333334 0.03854166666666667 0.05185185185185186
4 0.7677083333333333 0.1175925925925926 0.03958333333333333 0.06851851851851852
4 0.5265625 0.26203703703703707 0.065625 0.09814814814814815
4 0.8505208333333333 0.15092592592592594 0.057291666666666664 0.06851851851851852
4 0.6541666666666667 0.10370370370370371 0.035416666666666666 0.05925925925925926
4 0.5963541666666666 0.06944444444444445 0.030208333333333334 0.0462962962962963
4 0.9234375 0.19351851851851853 0.065625 0.09074074074074075
4 0.8552083333333333 0.24722222222222223 0.07291666666666667 0.10185185185185186
4 0.9302083333333333 0.1425925925925926 0.058333333333333334 0.07407407407407407
3 0.5416666666666666 0.0787037037037037 0.052083333333333336 0.13148148148148148