4 0.6098958333333333 0.08796296296296297 0.026041666666666668 0.0462962962962963
4 0.6270833333333333 0.14722222222222223 0.035416666666666666 0.053703703703703705
4 0.36354166666666665 0.1962962962962963 0.05625 0.06296296296296297
4 0.45208333333333334 0.16666666666666669 0.035416666666666666 0.06296296296296297
4 0.5088541666666666 0.1398148148148148 0.034375 0.053703703703703705
4 0.6114583333333333 0.18981481481481483 0.041666666666666664 0.06851851851851852
4 0.7333333333333333 0.3212962962962963 0.075 0.10925925925925926
4 0.4973958333333333 0.08240740740740742 0.026041666666666668 0.053703703703703705
4 0.6541666666666667 0.3842592592592593 0.08333333333333333 0.13148148148148148
4 0.5244791666666666 0.10277777777777779 0.026041666666666668 0.04259259259259259
5 0.4822916666666667 0.06574074074074074 0.022916666666666665 0.053703703703703705
4 0.8473958333333333 0.5324074074074074 0.128125 0.19444444444444445
4 0.7005208333333334 0.625 0.134375 0.23148148148148148
4 0.525 0.06944444444444445 0.01875 0.03518518518518519
3 0.9083333333333333 0.3703703703703704 0.18125 0.34444444444444444
3 0.6869791666666667 0.19166666666666668 0.09479166666666666 0.18703703703703706
3 0.11666666666666667 0.7518518518518519 0.23333333333333334 0.45925925925925926