4 0.6536458333333334 0.39351851851851855 0.08020833333333333 0.1537037037037037
4 0.584375 0.3092592592592593 0.06875 0.11481481481481481
5 0.6197916666666666 0.225 0.05416666666666667 0.12407407407407407
4 0.9057291666666667 0.8018518518518519 0.18645833333333334 0.33333333333333337
4 0.5588541666666667 0.2101851851851852 0.05520833333333333 0.07962962962962963
4 0.7958333333333333 0.4083333333333333 0.1125 0.20185185185185187
4 0.6098958333333333 0.1564814814814815 0.04895833333333333 0.07222222222222223
5 0.7010416666666667 0.18981481481481483 0.05416666666666667 0.11296296296296297
4 0.7822916666666666 0.062037037037037036 0.03125 0.05
4 0.6625 0.13796296296296298 0.041666666666666664 0.07222222222222223
4 0.840625 0.0787037037037037 0.041666666666666664 0.05740740740740741
4 0.803125 0.11203703703703705 0.04583333333333333 0.061111111111111116
4 0.6583333333333333 0.10277777777777779 0.035416666666666666 0.0462962962962963
4 0.5947916666666666 0.07407407407407407 0.03125 0.04814814814814815
4 0.9041666666666667 0.19814814814814816 0.06458333333333333 0.08148148148148149
4 0.9515625 0.35462962962962963 0.09479166666666666 0.1388888888888889
4 0.9739583333333334 0.26666666666666666 0.05 0.08518518518518518
3 0.45729166666666665 0.5731481481481482 0.21875 0.6685185185185185