4 0.6770833333333334 0.9324074074074075 0.16041666666666665 0.13148148148148148
4 0.7395833333333334 0.03518518518518519 0.03125 0.040740740740740744
4 0.8619791666666666 0.587962962962963 0.14270833333333333 0.2240740740740741
4 0.6385416666666667 0.30833333333333335 0.07083333333333333 0.11666666666666667
4 0.7666666666666666 0.05462962962962963 0.03333333333333333 0.0462962962962963
4 0.6026041666666666 0.20925925925925926 0.04895833333333333 0.08888888888888889
4 0.7552083333333334 0.33055555555555555 0.075 0.12407407407407407
4 0.6989583333333333 0.030555555555555558 0.025 0.03888888888888889
4 0.8270833333333333 0.06666666666666667 0.035416666666666666 0.04814814814814815
4 0.8010416666666667 0.09537037037037037 0.03958333333333333 0.053703703703703705
5 0.6067708333333334 0.13703703703703704 0.036458333333333336 0.07037037037037037
4 0.8359375 0.12314814814814816 0.042708333333333334 0.061111111111111116
4 0.6026041666666666 0.08703703703703704 0.030208333333333334 0.040740740740740744
4 0.915625 0.15 0.05625 0.07037037037037037
4 0.8307291666666666 0.20462962962962963 0.06354166666666666 0.08703703703703704
4 0.5416666666666666 0.05 0.025 0.044444444444444446
5 0.5895833333333333 0.04259259259259259 0.029166666666666667 0.05555555555555556
4 0.6411458333333333 0.049074074074074076 0.030208333333333334 0.0462962962962963
5 0.9708333333333333 0.25925925925925924 0.05625 0.13333333333333333
4 0.459375 0.1824074074074074 0.0875 0.07222222222222223
3 0.4822916666666667 0.34814814814814815 0.13541666666666666 0.34814814814814815