4 0.4848958333333333 0.13796296296296298 0.030208333333333334 0.061111111111111116
4 0.6848958333333334 0.7657407407407407 0.14270833333333333 0.29444444444444445
4 0.6005208333333333 0.32407407407407407 0.06770833333333333 0.10740740740740741
4 0.5765625 0.16111111111111112 0.040625 0.07037037037037037
4 0.6546875 0.17314814814814816 0.042708333333333334 0.07222222222222223
5 0.5114583333333333 0.15925925925925927 0.05 0.08888888888888889
4 0.55625 0.0962962962962963 0.027083333333333334 0.044444444444444446
4 0.7609375 0.1962962962962963 0.065625 0.08148148148148149
4 0.8942708333333333 0.2388888888888889 0.07395833333333333 0.0925925925925926
4 0.5583333333333333 0.05648148148148149 0.027083333333333334 0.04259259259259259
4 0.5911458333333334 0.05185185185185186 0.026041666666666668 0.044444444444444446
3 0.4515625 0.47685185185185186 0.16979166666666667 0.4981481481481482