4 0.759375 0.10185185185185186 0.027083333333333334 0.040740740740740744
4 0.6911458333333333 0.08518518518518518 0.026041666666666668 0.037037037037037035
4 0.8802083333333334 0.8138888888888889 0.17291666666666666 0.29444444444444445
4 0.8624999999999999 0.17777777777777778 0.05 0.05555555555555556
4 0.7223958333333333 0.4175925925925926 0.08229166666666667 0.13518518518518519
4 0.590625 0.23796296296296296 0.04791666666666666 0.08703703703703704
4 0.5182291666666666 0.2212962962962963 0.042708333333333334 0.08333333333333334
4 0.6677083333333333 0.22314814814814815 0.04583333333333333 0.07222222222222223
5 0.5796875 0.13425925925925927 0.030208333333333334 0.06851851851851852
5 0.5770833333333333 0.09074074074074075 0.022916666666666665 0.04814814814814815
3 0.7927083333333333 0.09166666666666667 0.07083333333333333 0.1277777777777778