4 0.490625 0.12685185185185185 0.03958333333333333 0.05
4 0.6583333333333333 0.04351851851851852 0.022916666666666665 0.03888888888888889
4 0.6348958333333333 0.0462962962962963 0.02395833333333333 0.037037037037037035
4 0.7088541666666667 0.05555555555555556 0.026041666666666668 0.044444444444444446
4 0.6291666666666667 0.3111111111111111 0.06041666666666667 0.11851851851851852
4 0.6869791666666667 0.07962962962962963 0.026041666666666668 0.044444444444444446
4 0.7390625 0.10648148148148148 0.036458333333333336 0.0462962962962963
4 0.5359375 0.2212962962962963 0.053125 0.09444444444444444
3 0.5463541666666667 0.09351851851851853 0.051041666666666666 0.11296296296296297
4 0.5697916666666667 0.09074074074074075 0.022916666666666665 0.04814814814814815
4 0.7614583333333333 0.2 0.052083333333333336 0.07777777777777778
4 0.8192708333333333 0.17777777777777778 0.053125 0.08888888888888889
4 0.596875 0.05462962962962963 0.022916666666666665 0.03518518518518519