4 0.621875 0.35555555555555557 0.07916666666666666 0.12962962962962962
4 0.6098958333333333 0.19166666666666668 0.051041666666666666 0.08333333333333334
4 0.7807291666666667 0.4398148148148148 0.11145833333333333 0.17222222222222222
4 0.7588541666666666 0.07407407407407407 0.036458333333333336 0.05185185185185186
4 0.5458333333333333 0.17407407407407408 0.04375 0.07407407407407407
5 0.603125 0.12962962962962962 0.0375 0.07407407407407407
4 0.6942708333333333 0.1962962962962963 0.05520833333333333 0.08888888888888889
4 0.8151041666666666 0.1 0.036458333333333336 0.05925925925925926
4 0.53125 0.12037037037037038 0.0375 0.05925925925925926
4 0.6619791666666667 0.12685185185185185 0.04895833333333333 0.07962962962962963
4 0.5692708333333333 0.08888888888888889 0.034375 0.06666666666666667
5 0.6484375 0.07777777777777778 0.030208333333333334 0.05925925925925926
4 0.8651041666666667 0.17222222222222222 0.059375 0.08148148148148149
4 0.609375 0.05555555555555556 0.027083333333333334 0.05185185185185186
4 0.9489583333333333 0.16481481481481483 0.06041666666666667 0.08518518518518518
3 0.4536458333333333 0.5796296296296296 0.21979166666666666 0.6703703703703704