4 0.3296875 0.2240740740740741 0.04895833333333333 0.07037037037037037
4 0.1546875 0.8407407407407408 0.190625 0.24814814814814815
4 0.6953125 0.13611111111111113 0.03854166666666667 0.053703703703703705
4 0.48802083333333335 0.19074074074074074 0.04479166666666667 0.07777777777777778
4 0.5848958333333333 0.14351851851851852 0.03229166666666666 0.053703703703703705
4 0.4713541666666667 0.46944444444444444 0.08229166666666667 0.15
5 0.4270833333333333 0.16203703703703703 0.04375 0.09444444444444444
4 0.66875 0.19444444444444445 0.04375 0.07407407407407407
4 0.5932291666666667 0.17962962962962964 0.040625 0.06296296296296297
4 0.5005208333333333 0.2675925925925926 0.051041666666666666 0.09444444444444444
4 0.7479166666666667 0.3027777777777778 0.07083333333333333 0.10185185185185186
4 0.7791666666666667 0.40370370370370373 0.09791666666666667 0.15925925925925927
4 0.48072916666666665 0.12407407407407407 0.030208333333333334 0.040740740740740744
4 0.44114583333333335 0.11574074074074074 0.026041666666666668 0.04259259259259259
4 0.5203125 0.09537037037037037 0.02395833333333333 0.03518518518518519
3 0.76875 0.18055555555555555 0.10208333333333333 0.16111111111111112
3 0.6348958333333333 0.11203703703703705 0.05520833333333333 0.11666666666666667