4 0.7140625 0.725 0.14895833333333333 0.29074074074074074
4 0.6510416666666666 0.46111111111111114 0.10625 0.17037037037037037
5 0.6484375 0.2962962962962963 0.07395833333333333 0.16666666666666669
4 0.5828125 0.25462962962962965 0.06145833333333333 0.09814814814814815
4 0.6229166666666667 0.18055555555555555 0.05416666666666667 0.07962962962962963
5 0.7838541666666666 0.3425925925925926 0.08854166666666667 0.1925925925925926
4 0.7182291666666667 0.2101851851851852 0.059375 0.10185185185185186
4 0.8005208333333333 0.026851851851851852 0.03229166666666666 0.053703703703703705
4 0.7609375 0.04537037037037037 0.034375 0.04259259259259259
4 0.69375 0.15555555555555556 0.052083333333333336 0.07407407407407407
4 0.6067708333333334 0.10185185185185186 0.03854166666666667 0.06296296296296297
4 0.8223958333333333 0.09722222222222222 0.04479166666666667 0.053703703703703705
4 0.8395833333333333 0.16203703703703703 0.0625 0.08703703703703704
4 0.9052083333333333 0.13611111111111113 0.04791666666666666 0.06851851851851852
4 0.65625 0.061111111111111116 0.03125 0.05185185185185186
5 0.5796875 0.049074074074074076 0.026041666666666668 0.05740740740740741
4 0.9619791666666666 0.21851851851851853 0.071875 0.0962962962962963
4 0.6026041666666666 0.037037037037037035 0.026041666666666668 0.044444444444444446
3 0.4552083333333333 0.6194444444444445 0.23541666666666666 0.7277777777777779