4 0.47239583333333335 0.2064814814814815 0.053125 0.08333333333333334
4 0.5390625 0.35462962962962963 0.07395833333333333 0.1388888888888889
4 0.7 0.8768518518518519 0.16458333333333333 0.2425925925925926
4 0.7145833333333333 0.05740740740740741 0.03125 0.04814814814814815
4 0.5572916666666666 0.1638888888888889 0.04791666666666666 0.08703703703703704
4 0.640625 0.2388888888888889 0.058333333333333334 0.1
4 0.7838541666666666 0.06018518518518519 0.034375 0.05
4 0.6453125 0.1425925925925926 0.042708333333333334 0.07037037037037037
4 0.5911458333333334 0.11851851851851852 0.036458333333333336 0.06296296296296297
4 0.8802083333333334 0.22222222222222224 0.07291666666666667 0.0962962962962963
4 0.8484375 0.35370370370370374 0.09479166666666666 0.12962962962962962
4 0.6447916666666667 0.09814814814814815 0.03333333333333333 0.05555555555555556
5 0.59375 0.06759259259259259 0.041666666666666664 0.07222222222222223
5 0.9630208333333333 0.3425925925925926 0.071875 0.1851851851851852
3 0.48802083333333335 0.10370370370370371 0.128125 0.15185185185185185