4 0.6958333333333333 0.049074074074074076 0.01875 0.031481481481481485
4 0.7067708333333333 0.061111111111111116 0.02395833333333333 0.037037037037037035
4 0.36666666666666664 0.25925925925925924 0.08541666666666667 0.08518518518518518
4 0.7322916666666667 0.06666666666666667 0.025 0.037037037037037035
4 0.7442708333333333 0.04259259259259259 0.019791666666666666 0.022222222222222223
4 0.7255208333333333 0.03333333333333333 0.015625 0.022222222222222223
4 0.7604166666666666 0.024074074074074074 0.020833333333333332 0.02592592592592593
4 0.7671875 0.05925925925925926 0.026041666666666668 0.040740740740740744
4 0.7552083333333334 0.09074074074074075 0.027083333333333334 0.05185185185185186
4 0.7645833333333333 0.075 0.020833333333333332 0.03888888888888889
4 0.6052083333333333 0.37777777777777777 0.06875 0.12962962962962962
4 0.5380208333333333 0.1675925925925926 0.036458333333333336 0.061111111111111116
4 0.7234375 0.34444444444444444 0.07395833333333333 0.11481481481481481
4 0.7322916666666667 0.09351851851851853 0.029166666666666667 0.024074074074074074
4 0.7921875 0.10092592592592593 0.02395833333333333 0.024074074074074074
4 0.6614583333333334 0.2 0.04583333333333333 0.07777777777777778
4 0.7916666666666666 0.13425925925925927 0.041666666666666664 0.05740740740740741
5 0.7364583333333333 0.13518518518518519 0.03958333333333333 0.06666666666666667
4 0.6270833333333333 0.10648148148148148 0.03125 0.053703703703703705
4 0.8692708333333333 0.20925925925925926 0.06145833333333333 0.08888888888888889
4 0.5744791666666667 0.026851851851851852 0.017708333333333333 0.031481481481481485
4 0.596875 0.017592592592592594 0.014583333333333334 0.03518518518518519
4 0.9802083333333333 0.36944444444444446 0.0375 0.10185185185185186
3 0.54375 0.04537037037037037 0.03333333333333333 0.09074074074074075