4 0.378125 0.9240740740740742 0.175 0.14814814814814814
4 0.47031249999999997 0.2138888888888889 0.05520833333333333 0.08333333333333334
4 0.6802083333333333 0.7407407407407408 0.15625 0.4
4 0.48593749999999997 0.4425925925925926 0.10520833333333333 0.1962962962962963
4 0.6463541666666667 0.18796296296296297 0.046875 0.08703703703703704
4 0.5963541666666666 0.10740740740740741 0.03229166666666666 0.05925925925925926
4 0.7213541666666666 0.09537037037037037 0.034375 0.061111111111111116
4 0.7703125 0.0925925925925926 0.03854166666666667 0.05555555555555556
4 0.81875 0.07685185185185185 0.035416666666666666 0.061111111111111116
4 0.7802083333333333 0.053703703703703705 0.03125 0.04814814814814815
4 0.9786458333333333 0.0787037037037037 0.040625 0.061111111111111116
4 0.5463541666666667 0.26944444444444443 0.06354166666666666 0.10555555555555556
5 0.5697916666666667 0.14166666666666666 0.041666666666666664 0.09074074074074075
4 0.7666666666666666 0.22685185185185186 0.06458333333333333 0.09814814814814815
4 0.6453125 0.09074074074074075 0.03229166666666666 0.05555555555555556
4 0.959375 0.34351851851851856 0.07916666666666666 0.1277777777777778
4 0.9447916666666667 0.6129629629629629 0.10833333333333334 0.21481481481481482
3 0.4875 0.11203703703703705 0.12708333333333333 0.1574074074074074