4 0.6619791666666667 0.5888888888888889 0.12395833333333334 0.22592592592592595
5 0.6046875 0.34351851851851856 0.06354166666666666 0.16481481481481483
4 0.7421875 0.3472222222222222 0.090625 0.13518518518518519
4 0.6171875 0.18796296296296297 0.046875 0.07962962962962963
4 0.7984375 0.04351851851851852 0.034375 0.04259259259259259
4 0.7447916666666666 0.04259259259259259 0.03125 0.044444444444444446
4 0.7557291666666667 0.06296296296296297 0.034375 0.044444444444444446
4 0.7614583333333333 0.09444444444444444 0.035416666666666666 0.05925925925925926
4 0.5385416666666667 0.28425925925925927 0.07083333333333333 0.10185185185185186
4 0.8317708333333333 0.1287037037037037 0.053125 0.06481481481481481
4 0.6625 0.1212962962962963 0.03958333333333333 0.061111111111111116
4 0.596875 0.08148148148148149 0.03125 0.05185185185185186
4 0.8979166666666667 0.1685185185185185 0.0625 0.07777777777777778
4 0.8145833333333333 0.18981481481481483 0.0625 0.08333333333333334
4 0.8994791666666666 0.11388888888888889 0.053125 0.06481481481481481
3 0.5390625 0.09166666666666667 0.05520833333333333 0.13518518518518519