4 0.48854166666666665 0.12592592592592594 0.029166666666666667 0.04814814814814815
4 0.6994791666666667 0.061111111111111116 0.02395833333333333 0.03333333333333333
4 0.5572916666666666 0.38981481481481484 0.08333333333333333 0.13518518518518519
3 0.5369791666666667 0.13518518518518519 0.059375 0.14444444444444446
4 0.5765625 0.11666666666666667 0.021875 0.044444444444444446
4 0.684375 0.0962962962962963 0.03125 0.04814814814814815
4 0.7317708333333334 0.0962962962962963 0.034375 0.05185185185185186
4 0.6203125 0.0962962962962963 0.03229166666666666 0.05555555555555556
4 0.6046875 0.062037037037037036 0.026041666666666668 0.03888888888888889
4 0.575 0.08518518518518518 0.022916666666666665 0.044444444444444446
4 0.9703125 0.26851851851851855 0.04895833333333333 0.10370370370370371