4 0.7010416666666667 0.8185185185185185 0.15 0.2888888888888889
4 0.4791666666666667 0.5425925925925926 0.11041666666666666 0.2
4 0.46875 0.2175925925925926 0.05625 0.07592592592592592
4 0.65625 0.3768518518518519 0.08541666666666667 0.19444444444444445
4 0.5463541666666667 0.27314814814814814 0.06979166666666667 0.12037037037037038
4 0.6447916666666667 0.13148148148148148 0.03958333333333333 0.06666666666666667
4 0.596875 0.09444444444444444 0.029166666666666667 0.04814814814814815
4 0.7447916666666666 0.15185185185185185 0.04375 0.07037037037037037
4 0.7979166666666666 0.1388888888888889 0.04583333333333333 0.07037037037037037
4 0.8520833333333333 0.11666666666666667 0.04583333333333333 0.06666666666666667
4 0.79375 0.08333333333333334 0.0375 0.05185185185185186
4 0.965625 0.08055555555555556 0.06666666666666667 0.061111111111111116
4 0.5708333333333333 0.18888888888888888 0.05 0.07777777777777778
5 0.5817708333333333 0.1175925925925926 0.034375 0.07592592592592592
4 0.8286458333333333 0.3731481481481482 0.10104166666666667 0.1425925925925926
3 0.484375 0.11481481481481481 0.12291666666666666 0.16296296296296298