4 0.7703125 0.11666666666666667 0.028125 0.044444444444444446
4 0.7067708333333333 0.10277777777777779 0.028125 0.03888888888888889
4 0.659375 0.6916666666666667 0.11666666666666667 0.2388888888888889
4 0.7239583333333334 0.48055555555555557 0.1 0.1574074074074074
4 0.8838541666666666 0.1962962962962963 0.04895833333333333 0.06666666666666667
4 0.6770833333333334 0.29444444444444445 0.058333333333333334 0.0925925925925926
4 0.5838541666666667 0.18611111111111112 0.03854166666666667 0.06851851851851852
4 0.5244791666666666 0.18055555555555555 0.034375 0.06851851851851852
4 0.6489583333333333 0.17592592592592593 0.0375 0.05925925925925926
5 0.5786458333333333 0.11388888888888889 0.026041666666666668 0.05740740740740741
3 0.8119791666666667 0.10462962962962963 0.084375 0.1425925925925926