4 0.4713541666666667 0.2111111111111111 0.053125 0.07777777777777778
4 0.55625 0.28240740740740744 0.0625 0.10925925925925926
5 0.434375 0.7314814814814815 0.1375 0.3666666666666667
4 0.6723958333333333 0.5333333333333333 0.10104166666666667 0.1962962962962963
4 0.7223958333333333 0.08055555555555556 0.03229166666666666 0.05740740740740741
4 0.5645833333333333 0.14907407407407408 0.04583333333333333 0.08333333333333334
4 0.6453125 0.1925925925925926 0.04895833333333333 0.08148148148148149
4 0.7911458333333333 0.08981481481481482 0.03854166666666667 0.05740740740740741
4 0.6479166666666667 0.1212962962962963 0.03958333333333333 0.06851851851851852
4 0.5958333333333333 0.11203703703703705 0.0375 0.06481481481481481
4 0.9473958333333333 0.32037037037037036 0.103125 0.12962962962962962
4 0.9302083333333333 0.5425925925925926 0.1375 0.1851851851851852
3 0.48802083333333335 0.10925925925925926 0.12604166666666666 0.15555555555555556