4 0.6447916666666667 0.8916666666666667 0.15 0.21296296296296297
5 0.5921875 0.3648148148148148 0.05520833333333333 0.14074074074074075
4 0.7244791666666667 0.4064814814814815 0.07604166666666666 0.12037037037037038
4 0.8276041666666667 0.26296296296296295 0.051041666666666666 0.06666666666666667
4 0.7791666666666667 0.1638888888888889 0.03333333333333333 0.04259259259259259
4 0.8041666666666667 0.19074074074074074 0.03333333333333333 0.05185185185185186
4 0.7385416666666667 0.17777777777777778 0.035416666666666666 0.044444444444444446
4 0.7385416666666667 0.13703703703703704 0.027083333333333334 0.040740740740740744
4 0.7197916666666666 0.15833333333333333 0.03125 0.04259259259259259
4 0.840625 0.3 0.0625 0.08148148148148149
4 0.6447916666666667 0.24722222222222223 0.041666666666666664 0.06851851851851852
4 0.5713541666666666 0.2175925925925926 0.036458333333333336 0.05740740740740741
4 0.5979166666666667 0.17407407407407408 0.029166666666666667 0.04814814814814815
4 0.5307291666666667 0.16666666666666669 0.026041666666666668 0.040740740740740744
4 0.5744791666666667 0.15 0.02395833333333333 0.037037037037037035
3 0.8671875 0.1925925925925926 0.103125 0.14444444444444446