4 0.475 0.21666666666666667 0.05416666666666667 0.07407407407407407
4 0.5421875 0.3287037037037037 0.071875 0.12407407407407407
4 0.5708333333333333 0.20277777777777778 0.05 0.07962962962962963
4 0.7177083333333333 0.8462962962962963 0.15 0.3037037037037037
4 0.7203125 0.0712962962962963 0.030208333333333334 0.05
4 0.6567708333333333 0.2175925925925926 0.04895833333333333 0.08703703703703704
4 0.85625 0.13425925925925927 0.04375 0.06851851851851852
4 0.5864583333333333 0.13796296296296298 0.03958333333333333 0.06851851851851852
4 0.6432291666666666 0.14444444444444446 0.040625 0.08888888888888889
4 0.8765625 0.17685185185185187 0.065625 0.08333333333333334
4 0.9510416666666667 0.6592592592592593 0.09583333333333333 0.22592592592592595
4 0.9760416666666667 0.4703703703703704 0.04583333333333333 0.15925925925925927
4 0.9786458333333333 0.28240740740740744 0.040625 0.10925925925925926
3 0.48854166666666665 0.1212962962962963 0.12708333333333333 0.1574074074074074