5 0.6239583333333333 0.5685185185185185 0.0875 0.24074074074074076
4 0.9166666666666666 0.8481481481481482 0.16458333333333333 0.2555555555555556
4 0.8114583333333333 0.23240740740740742 0.04375 0.05740740740740741
4 0.7583333333333333 0.1388888888888889 0.029166666666666667 0.040740740740740744
4 0.7802083333333333 0.1638888888888889 0.0375 0.0462962962962963
4 0.7296875 0.1574074074074074 0.030208333333333334 0.044444444444444446
4 0.7104166666666667 0.14166666666666666 0.029166666666666667 0.03888888888888889
4 0.8177083333333334 0.2638888888888889 0.05625 0.06851851851851852
4 0.6911458333333333 0.34351851851851856 0.059375 0.09814814814814815
4 0.5828125 0.2740740740740741 0.04479166666666667 0.07407407407407407
4 0.5958333333333333 0.21481481481481482 0.0375 0.06296296296296297
4 0.5291666666666667 0.1953703703703704 0.03125 0.053703703703703705
4 0.5760416666666667 0.16944444444444445 0.027083333333333334 0.0462962962962963
4 0.5697916666666667 0.14444444444444446 0.025 0.037037037037037035
3 0.8317708333333333 0.1675925925925926 0.08229166666666667 0.13148148148148148
3 0.95 0.24537037037037038 0.09791666666666667 0.2425925925925926