4 0.4828125 0.11851851851851852 0.030208333333333334 0.037037037037037035
5 0.5921875 0.21481481481481482 0.046875 0.08148148148148149
4 0.5765625 0.15185185185185185 0.036458333333333336 0.05555555555555556
4 0.6916666666666667 0.27222222222222225 0.05625 0.10370370370370371
4 0.6546875 0.1638888888888889 0.046875 0.08333333333333334
4 0.7890625 0.10648148148148148 0.046875 0.05
5 0.6744791666666666 0.04259259259259259 0.026041666666666668 0.037037037037037035
4 0.5572916666666666 0.11111111111111112 0.027083333333333334 0.04814814814814815
4 0.5598958333333334 0.06944444444444445 0.019791666666666666 0.03518518518518519
4 0.59375 0.05092592592592593 0.022916666666666665 0.03518518518518519
5 0.47604166666666664 0.1388888888888889 0.029166666666666667 0.07037037037037037
3 0.4875 0.24351851851851852 0.09583333333333333 0.25