4 0.6963541666666666 0.04537037037037037 0.021875 0.031481481481481485
4 0.7083333333333334 0.05555555555555556 0.025 0.03333333333333333
4 0.2973958333333333 0.32592592592592595 0.08020833333333333 0.0962962962962963
4 0.7328125 0.06018518518518519 0.026041666666666668 0.02777777777777778
4 0.7255208333333333 0.02962962962962963 0.017708333333333333 0.02962962962962963
4 0.7432291666666666 0.012037037037037037 0.013541666666666667 0.024074074074074074
4 0.7432291666666666 0.03981481481481482 0.021875 0.031481481481481485
4 0.7416666666666667 0.07685185185185185 0.027083333333333334 0.04259259259259259
4 0.7661458333333333 0.062037037037037036 0.02395833333333333 0.03888888888888889
4 0.45625 0.2212962962962963 0.06875 0.07222222222222223
4 0.7333333333333333 0.09722222222222222 0.025 0.05
4 0.790625 0.09074074074074075 0.025 0.044444444444444446
4 0.8052083333333333 0.5620370370370371 0.12916666666666665 0.20555555555555557
4 0.7729166666666667 0.11296296296296297 0.035416666666666666 0.05555555555555556
5 0.7072916666666667 0.10555555555555556 0.0375 0.05925925925925926
4 0.6723958333333333 0.21851851851851853 0.051041666666666666 0.08518518518518518
4 0.8369791666666666 0.13148148148148148 0.042708333333333334 0.07037037037037037
4 0.5932291666666667 0.05462962962962963 0.021875 0.03518518518518519
4 0.5942708333333333 0.03425925925925926 0.015625 0.024074074074074074
4 0.8546874999999999 0.20740740740740743 0.05520833333333333 0.07407407407407407
4 0.9635416666666666 0.2388888888888889 0.07083333333333333 0.07777777777777778
4 0.9739583333333334 0.15 0.05 0.05925925925925926
4 0.5796875 0.022222222222222223 0.017708333333333333 0.02592592592592593
3 0.5463541666666667 0.07592592592592592 0.04479166666666667 0.1