4 0.4713541666666667 0.20185185185185187 0.053125 0.08518518518518518
4 0.5260416666666666 0.4046296296296297 0.08541666666666667 0.15
4 0.5552083333333333 0.1712962962962963 0.04791666666666666 0.09444444444444444
4 0.6359375 0.2675925925925926 0.06354166666666666 0.11666666666666667
4 0.6442708333333333 0.1527777777777778 0.04479166666666667 0.07962962962962963
4 0.5880208333333333 0.12314814814814816 0.03854166666666667 0.06481481481481481
4 0.853125 0.17685185185185187 0.0625 0.08333333333333334
4 0.81875 0.275 0.07708333333333334 0.10925925925925926
4 0.6463541666666667 0.10370370370370371 0.036458333333333336 0.06296296296296297
5 0.5963541666666666 0.06851851851851852 0.03854166666666667 0.07407407407407407
5 0.9338541666666667 0.2638888888888889 0.096875 0.1537037037037037
4 0.4197916666666667 0.17500000000000002 0.07291666666666667 0.06851851851851852
4 0.9713541666666666 0.5157407407407407 0.05520833333333333 0.18333333333333335
3 0.4895833333333333 0.09814814814814815 0.12708333333333333 0.15925925925925927