4 0.471875 0.20370370370370372 0.05416666666666667 0.08518518518518518
4 0.5140625 0.4601851851851852 0.09479166666666666 0.17222222222222222
4 0.5526041666666667 0.1824074074074074 0.051041666666666666 0.09814814814814815
4 0.6296875 0.2972222222222222 0.06979166666666667 0.12407407407407407
4 0.6432291666666666 0.16574074074074074 0.04479166666666667 0.07962962962962963
4 0.5854166666666667 0.12685185185185185 0.041666666666666664 0.06481481481481481
4 0.8380208333333333 0.1564814814814815 0.059375 0.07592592592592592
4 0.8026041666666667 0.23796296296296296 0.071875 0.09444444444444444
4 0.646875 0.11296296296296297 0.0375 0.06296296296296297
5 0.5963541666666666 0.0712962962962963 0.03854166666666667 0.08333333333333334
5 0.9078125 0.2240740740740741 0.084375 0.13333333333333333
4 0.42291666666666666 0.17314814814814816 0.07083333333333333 0.07222222222222223
4 0.9536458333333333 0.42685185185185187 0.090625 0.16111111111111112
3 0.48854166666666665 0.0962962962962963 0.125 0.15925925925925927