4 0.3265625 0.9203703703703704 0.19479166666666667 0.15555555555555556
4 0.6822916666666666 0.6055555555555556 0.10833333333333334 0.23333333333333334
4 0.5026041666666666 0.44537037037037036 0.09270833333333334 0.16111111111111112
4 0.46822916666666664 0.21481481481481482 0.053125 0.07777777777777778
4 0.65 0.3111111111111111 0.07291666666666667 0.16296296296296298
4 0.5572916666666666 0.2351851851851852 0.058333333333333334 0.10740740740740741
4 0.6427083333333333 0.11481481481481481 0.035416666666666666 0.06296296296296297
4 0.5963541666666666 0.08888888888888889 0.028125 0.04814814814814815
4 0.7578125 0.1787037037037037 0.051041666666666666 0.07592592592592592
4 0.8135416666666666 0.16203703703703703 0.052083333333333336 0.07592592592592592
4 0.8651041666666667 0.13055555555555556 0.04895833333333333 0.06851851851851852
4 0.7994791666666666 0.09444444444444444 0.042708333333333334 0.05555555555555556
4 0.9578125 0.0787037037037037 0.08229166666666667 0.05740740740740741
4 0.5765625 0.16666666666666669 0.04479166666666667 0.07037037037037037
5 0.5791666666666666 0.10925925925925926 0.0375 0.07037037037037037
4 0.8697916666666666 0.46574074074074073 0.12291666666666666 0.1685185185185185
3 0.4864583333333333 0.11666666666666667 0.125 0.15555555555555556