4 0.4713541666666667 0.20370370370370372 0.053125 0.07777777777777778
4 0.5052083333333334 0.34351851851851856 0.08333333333333333 0.1537037037037037
4 0.4744791666666667 0.862037037037037 0.18854166666666666 0.27222222222222225
4 0.6322916666666667 0.38333333333333336 0.08125 0.15925925925925927
4 0.5588541666666667 0.21481481481481482 0.053125 0.08888888888888889
4 0.7677083333333333 0.05462962962962963 0.03333333333333333 0.05
4 0.7317708333333334 0.08518518518518518 0.040625 0.05555555555555556
4 0.64375 0.24444444444444446 0.05625 0.10370370370370371
5 0.5828125 0.1212962962962963 0.051041666666666666 0.10555555555555556
5 0.7859375 0.07222222222222223 0.042708333333333334 0.07037037037037037
4 0.4505208333333333 0.1787037037037037 0.08229166666666667 0.07222222222222223
4 0.7994791666666666 0.1398148148148148 0.04895833333333333 0.06851851851851852
4 0.7770833333333333 0.20740740740740743 0.0625 0.0925925925925926
4 0.9166666666666666 0.2175925925925926 0.07708333333333334 0.09444444444444444
3 0.48802083333333335 0.10092592592592593 0.12604166666666666 0.1574074074074074