4 0.6338541666666666 0.3851851851851852 0.07604166666666666 0.14444444444444446
4 0.7390625 0.6814814814814815 0.165625 0.26296296296296295
4 0.7692708333333333 0.0638888888888889 0.036458333333333336 0.0462962962962963
4 0.7244791666666667 0.26944444444444443 0.071875 0.10925925925925926
4 0.6166666666666667 0.17407407407407408 0.04791666666666666 0.07777777777777778
4 0.8041666666666667 0.08518518518518518 0.041666666666666664 0.05555555555555556
4 0.7078125 0.05 0.028125 0.04814814814814815
4 0.8010416666666667 0.03888888888888889 0.03333333333333333 0.044444444444444446
4 0.6005208333333333 0.11574074074074074 0.03854166666666667 0.061111111111111116
4 0.6817708333333333 0.14351851851851852 0.042708333333333334 0.06851851851851852
4 0.746875 0.10370370370370371 0.041666666666666664 0.05925925925925926
4 0.8885416666666667 0.11481481481481481 0.04791666666666666 0.05555555555555556
4 0.8901041666666667 0.17592592592592593 0.06145833333333333 0.07407407407407407
5 0.5963541666666666 0.07222222222222223 0.026041666666666668 0.05185185185185186
4 0.9255208333333333 0.24074074074074076 0.065625 0.0925925925925926
4 0.5932291666666667 0.0462962962962963 0.019791666666666666 0.03333333333333333
3 0.5182291666666666 0.19907407407407407 0.090625 0.21296296296296297