4 0.6953125 0.05185185185185186 0.019791666666666666 0.037037037037037035
4 0.70625 0.062037037037037036 0.025 0.03888888888888889
4 0.3703125 0.25833333333333336 0.08645833333333333 0.08703703703703704
4 0.7317708333333334 0.06851851851851852 0.026041666666666668 0.03333333333333333
4 0.7458333333333333 0.044444444444444446 0.020833333333333332 0.022222222222222223
4 0.7260416666666667 0.03518518518518519 0.016666666666666666 0.022222222222222223
4 0.7609375 0.025 0.021875 0.02777777777777778
4 0.7677083333333333 0.06574074074074074 0.027083333333333334 0.0462962962962963
4 0.7546875 0.09351851851851853 0.026041666666666668 0.05
4 0.7625 0.07592592592592592 0.020833333333333332 0.037037037037037035
4 0.603125 0.3601851851851852 0.0625 0.12037037037037038
4 0.5395833333333333 0.16574074074074074 0.035416666666666666 0.061111111111111116
4 0.7130208333333333 0.3231481481481482 0.06979166666666667 0.10555555555555556
4 0.7322916666666667 0.09814814814814815 0.027083333333333334 0.02962962962962963
4 0.7921875 0.10185185185185186 0.02395833333333333 0.022222222222222223
4 0.6557291666666667 0.19074074074074074 0.04479166666666667 0.07407407407407407
4 0.7932291666666667 0.13796296296296298 0.042708333333333334 0.061111111111111116
5 0.7375 0.14074074074074075 0.03958333333333333 0.07037037037037037
4 0.625 0.10277777777777779 0.029166666666666667 0.05
4 0.875 0.21851851851851853 0.06458333333333333 0.0925925925925926
4 0.5729166666666666 0.02592592592592593 0.01875 0.03333333333333333
4 0.5958333333333333 0.017592592592592594 0.014583333333333334 0.03518518518518519
3 0.540625 0.05 0.03125 0.07777777777777778