4 0.6734375 0.5601851851851852 0.11145833333333333 0.21296296296296297
4 0.7442708333333333 0.03518518518518519 0.030208333333333334 0.044444444444444446
4 0.6171875 0.32962962962962966 0.07395833333333333 0.12222222222222223
4 0.8484375 0.7870370370370371 0.14895833333333333 0.2925925925925926
4 0.7854166666666667 0.03425925925925926 0.029166666666666667 0.03888888888888889
4 0.76875 0.06018518518518519 0.03333333333333333 0.0462962962962963
5 0.6203125 0.20555555555555557 0.04479166666666667 0.10740740740740741
4 0.7942708333333334 0.07962962962962963 0.036458333333333336 0.05555555555555556
4 0.6151041666666667 0.13240740740740742 0.040625 0.053703703703703705
4 0.8520833333333333 0.08333333333333334 0.04375 0.05555555555555556
4 0.7458333333333333 0.10185185185185186 0.04375 0.05925925925925926
4 0.5359375 0.0712962962962963 0.028125 0.053703703703703705
5 0.5947916666666666 0.06944444444444445 0.03333333333333333 0.06851851851851852
4 0.6666666666666666 0.10648148148148148 0.03958333333333333 0.06481481481481481
5 0.8848958333333333 0.15555555555555556 0.06770833333333333 0.10370370370370371
4 0.5057291666666667 0.19814814814814816 0.065625 0.07037037037037037
4 0.5713541666666666 0.04722222222222222 0.02395833333333333 0.0462962962962963
4 0.9729166666666667 0.2740740740740741 0.052083333333333336 0.10370370370370371
3 0.46197916666666666 0.4527777777777778 0.16770833333333332 0.4462962962962963