4 0.5510416666666667 0.24537037037037038 0.06666666666666667 0.09814814814814815
5 0.6572916666666666 0.55 0.12291666666666666 0.2962962962962963
4 0.6078125 0.36574074074074076 0.07395833333333333 0.13518518518518519
4 0.740625 0.3564814814814815 0.10208333333333333 0.17222222222222222
3 0.5020833333333333 0.075 0.052083333333333336 0.15
4 0.5755208333333334 0.12222222222222223 0.036458333333333336 0.05925925925925926
4 0.6708333333333333 0.19814814814814816 0.06041666666666667 0.08148148148148149
4 0.6776041666666667 0.05925925925925926 0.034375 0.044444444444444446
4 0.6244791666666667 0.10925925925925926 0.03854166666666667 0.05185185185185186
5 0.6166666666666667 0.06481481481481481 0.035416666666666666 0.05925925925925926
4 0.5609375 0.05277777777777778 0.02395833333333333 0.03518518518518519
4 0.8510416666666667 0.2101851851851852 0.06875 0.09074074074074075
3 0.44687499999999997 0.46296296296296297 0.17291666666666666 0.5074074074074074