4 0.6375 0.312962962962963 0.06875 0.11851851851851852
4 0.7604166666666666 0.6055555555555556 0.12291666666666666 0.23703703703703705
4 0.8427083333333333 0.08611111111111111 0.052083333333333336 0.05740740740740741
4 0.7755208333333333 0.09074074074074075 0.040625 0.05555555555555556
4 0.7989583333333333 0.06759259259259259 0.029166666666666667 0.0462962962962963
4 0.7479166666666667 0.06296296296296297 0.03125 0.040740740740740744
4 0.934375 0.2555555555555556 0.07708333333333334 0.1
4 0.5453125 0.0638888888888889 0.026041666666666668 0.04259259259259259
4 0.59375 0.05 0.025 0.040740740740740744
4 0.6328125 0.04259259259259259 0.026041666666666668 0.044444444444444446
3 0.4921875 0.312962962962963 0.12395833333333334 0.34444444444444444