4 0.5088541666666666 0.1814814814814815 0.036458333333333336 0.07037037037037037
4 0.5953125 0.2675925925925926 0.051041666666666666 0.09444444444444444
5 0.5234375 0.22592592592592595 0.04895833333333333 0.11481481481481481
4 0.5723958333333333 0.17222222222222222 0.040625 0.07037037037037037
4 0.6677083333333333 0.06574074074074074 0.03125 0.04259259259259259
4 0.6838541666666667 0.0462962962962963 0.028125 0.044444444444444446
4 0.6307291666666667 0.15462962962962964 0.051041666666666666 0.08333333333333334
4 0.7375 0.4305555555555556 0.09166666666666666 0.16481481481481483
4 0.7328125 0.1 0.040625 0.05555555555555556
4 0.5739583333333333 0.07037037037037037 0.027083333333333334 0.05185185185185186
3 0.5151041666666667 0.044444444444444446 0.03854166666666667 0.08888888888888889
4 0.8624999999999999 0.18888888888888888 0.06875 0.08888888888888889
3 0.4505208333333333 0.4703703703703704 0.17395833333333333 0.5111111111111112