4 0.7453125 0.08888888888888889 0.026041666666666668 0.037037037037037035
4 0.8312499999999999 0.15462962962962964 0.04375 0.053703703703703705
4 0.8645833333333334 0.7972222222222223 0.16666666666666666 0.27592592592592596
4 0.6041666666666666 0.33981481481481485 0.06458333333333333 0.12407407407407407
4 0.503125 0.33333333333333337 0.06041666666666667 0.11851851851851852
4 0.7125 0.32962962962962966 0.06666666666666667 0.11111111111111112
5 0.5807291666666666 0.17685185185185187 0.036458333333333336 0.08333333333333334
5 0.5802083333333333 0.11388888888888889 0.022916666666666665 0.05740740740740741
4 0.5744791666666667 0.09074074074074075 0.02395833333333333 0.044444444444444446
3 0.7723958333333333 0.08055555555555556 0.06354166666666666 0.11666666666666667
3 0.9723958333333333 0.23240740740740742 0.053125 0.17222222222222222