4 0.7010416666666667 0.737037037037037 0.13333333333333333 0.2740740740740741
4 0.5010416666666666 0.15925925925925927 0.05625 0.07407407407407407
5 0.6161458333333333 0.2601851851851852 0.06770833333333333 0.1388888888888889
5 0.7489583333333333 0.03888888888888889 0.03333333333333333 0.05555555555555556
4 0.6317708333333333 0.4462962962962963 0.09895833333333333 0.15925925925925927
4 0.5932291666666667 0.2 0.046875 0.08888888888888889
4 0.7973958333333333 0.06481481481481481 0.03229166666666666 0.04814814814814815
4 0.7536458333333333 0.2990740740740741 0.08645833333333333 0.1425925925925926
4 0.5520833333333334 0.10740740740740741 0.03125 0.05555555555555556
4 0.8390624999999999 0.1287037037037037 0.04895833333333333 0.07222222222222223
4 0.6260416666666666 0.0962962962962963 0.03958333333333333 0.06666666666666667
4 0.5598958333333334 0.062037037037037036 0.02395833333333333 0.04259259259259259
3 0.4578125 0.47962962962962963 0.17395833333333333 0.4777777777777778