4 0.4734375 0.19722222222222224 0.053125 0.07962962962962963
4 0.421875 0.6055555555555556 0.1375 0.2851851851851852
4 0.5854166666666667 0.7703703703703704 0.15 0.34074074074074073
4 0.5328125 0.32685185185185184 0.071875 0.12407407407407407
4 0.6380208333333334 0.4240740740740741 0.08645833333333333 0.16666666666666669
5 0.5682291666666667 0.17037037037037037 0.059375 0.13333333333333333
4 0.45208333333333334 0.17037037037037037 0.08125 0.07037037037037037
4 0.7630208333333334 0.0712962962962963 0.034375 0.05740740740740741
4 0.7375 0.10740740740740741 0.04375 0.06666666666666667
4 0.8328125 0.10740740740740741 0.04895833333333333 0.06666666666666667
4 0.6010416666666667 0.1277777777777778 0.03958333333333333 0.05925925925925926
4 0.8916666666666666 0.2101851851851852 0.07291666666666667 0.09444444444444444
4 0.9770833333333333 0.20462962962962963 0.04375 0.11296296296296297
3 0.49166666666666664 0.09722222222222222 0.12708333333333333 0.15