4 0.31875 0.7296296296296296 0.15625 0.26666666666666666
4 0.4822916666666667 0.34444444444444444 0.075 0.11481481481481481
5 0.5244791666666666 0.21203703703703705 0.06145833333333333 0.11296296296296297
4 0.6635416666666667 0.3388888888888889 0.075 0.15925925925925927
4 0.7567708333333333 0.08148148148148149 0.036458333333333336 0.04814814814814815
4 0.6432291666666666 0.1953703703703704 0.04479166666666667 0.08333333333333334
4 0.8375 0.20277777777777778 0.0625 0.07962962962962963
4 0.578125 0.1388888888888889 0.04375 0.06296296296296297
4 0.8312499999999999 0.33333333333333337 0.08958333333333333 0.13333333333333333
4 0.6088541666666667 0.10092592592592593 0.034375 0.053703703703703705
4 0.5697916666666667 0.10185185185185186 0.03125 0.05185185185185186
4 0.6552083333333333 0.09722222222222222 0.03125 0.053703703703703705
3 0.48802083333333335 0.12037037037037038 0.128125 0.15925925925925927