4 0.7697916666666667 0.75 0.19791666666666666 0.3037037037037037
3 0.4947916666666667 0.10925925925925926 0.07083333333333333 0.21851851851851853
4 0.6223958333333334 0.32222222222222224 0.06979166666666667 0.11851851851851852
4 0.7473958333333334 0.3611111111111111 0.090625 0.13333333333333333
5 0.6916666666666667 0.20925925925925926 0.06041666666666667 0.11851851851851852
4 0.59375 0.17314814814814816 0.04375 0.06851851851851852
4 0.6916666666666667 0.04351851851851852 0.025 0.03518518518518519
4 0.5963541666666666 0.11666666666666667 0.036458333333333336 0.05185185185185186
4 0.5640625 0.06666666666666667 0.026041666666666668 0.040740740740740744
4 0.7802083333333333 0.13148148148148148 0.05 0.06296296296296297
4 0.9546875 0.2 0.08854166666666667 0.08888888888888889
3 0.4380208333333333 0.6333333333333333 0.240625 0.7000000000000001