4 0.5052083333333334 0.587962962962963 0.10208333333333333 0.18703703703703706
4 0.3015625 0.7305555555555556 0.14479166666666665 0.22777777777777777
4 0.5432291666666667 0.3787037037037037 0.065625 0.10555555555555556
4 0.6489583333333333 0.4638888888888889 0.07708333333333334 0.1388888888888889
4 0.5552083333333333 0.2638888888888889 0.05416666666666667 0.07962962962962963
4 0.8447916666666666 0.24814814814814815 0.058333333333333334 0.07407407407407407
4 0.5890625 0.20185185185185187 0.03854166666666667 0.05925925925925926
4 0.6489583333333333 0.23611111111111113 0.041666666666666664 0.07592592592592592
4 0.59375 0.16666666666666669 0.03333333333333333 0.05185185185185186
4 0.6526041666666667 0.1537037037037037 0.034375 0.05925925925925926
3 0.490625 0.18425925925925926 0.12708333333333333 0.1574074074074074