5 0.40729166666666666 0.44537037037037036 0.10416666666666667 0.22037037037037038
4 0.6140625 0.6425925925925926 0.11354166666666667 0.2518518518518519
4 0.7588541666666666 0.07407407407407407 0.034375 0.05555555555555556
4 0.5098958333333333 0.1814814814814815 0.065625 0.07037037037037037
4 0.7296875 0.10648148148148148 0.040625 0.06481481481481481
4 0.5984375 0.1564814814814815 0.042708333333333334 0.07592592592592592
4 0.5869791666666666 0.12314814814814816 0.036458333333333336 0.061111111111111116
4 0.6578125 0.20277777777777778 0.04895833333333333 0.08333333333333334
4 0.775 0.19074074074074074 0.05416666666666667 0.08148148148148149
4 0.6463541666666667 0.10555555555555556 0.03229166666666666 0.05925925925925926
4 0.9510416666666667 0.3092592592592593 0.09583333333333333 0.11851851851851852
3 0.48802083333333335 0.11666666666666667 0.12604166666666666 0.15185185185185185