4 0.7994791666666666 0.06574074074074074 0.036458333333333336 0.05
4 0.740625 0.058333333333333334 0.029166666666666667 0.04259259259259259
4 0.790625 0.11388888888888889 0.03958333333333333 0.05740740740740741
4 0.5614583333333333 0.1638888888888889 0.03958333333333333 0.07222222222222223
4 0.5979166666666667 0.12037037037037038 0.03333333333333333 0.05555555555555556
4 0.6630208333333333 0.14722222222222223 0.04479166666666667 0.06851851851851852
4 0.6609375 0.5361111111111111 0.11562499999999999 0.18333333333333335
4 0.8385416666666666 0.17500000000000002 0.058333333333333334 0.07592592592592592
4 0.540625 0.10833333333333334 0.03125 0.05
5 0.5911458333333334 0.08333333333333334 0.030208333333333334 0.05925925925925926
4 0.6416666666666666 0.08981481481481482 0.03333333333333333 0.053703703703703705
4 0.9546875 0.27314814814814814 0.08854166666666667 0.10925925925925926
3 0.4578125 0.5944444444444444 0.209375 0.674074074074074