5 0.6838541666666667 0.5018518518518519 0.11354166666666667 0.2518518518518519
4 0.6145833333333334 0.3768518518518519 0.07916666666666666 0.13518518518518519
4 0.63125 0.26481481481481484 0.06875 0.13333333333333333
4 0.81875 0.425 0.10416666666666667 0.18333333333333335
4 0.7458333333333333 0.28425925925925927 0.07708333333333334 0.10925925925925926
4 0.6098958333333333 0.16018518518518518 0.04479166666666667 0.07962962962962963
4 0.7645833333333333 0.05555555555555556 0.03333333333333333 0.040740740740740744
4 0.790625 0.08796296296296297 0.03958333333333333 0.061111111111111116
4 0.8453125 0.07685185185185185 0.03854166666666667 0.053703703703703705
4 0.6864583333333333 0.13333333333333333 0.04375 0.06666666666666667
5 0.5869791666666666 0.1 0.03229166666666666 0.07037037037037037
4 0.8703124999999999 0.125 0.051041666666666666 0.06851851851851852
4 0.6140625 0.08240740740740742 0.028125 0.053703703703703705
4 0.8510416666666667 0.2101851851851852 0.06458333333333333 0.09074074074074075
4 0.5994791666666667 0.04259259259259259 0.026041666666666668 0.04814814814814815
3 0.38385416666666666 0.6824074074074075 0.3572916666666667 0.6314814814814815