4 0.4734375 0.19444444444444445 0.053125 0.07777777777777778
4 0.40729166666666666 0.6444444444444445 0.14583333333333334 0.3037037037037037
4 0.5765625 0.8240740740740741 0.16145833333333334 0.34814814814814815
4 0.5286458333333334 0.34351851851851856 0.07604166666666666 0.13148148148148148
4 0.6375 0.4518518518518519 0.09166666666666666 0.17777777777777778
5 0.5661458333333333 0.1787037037037037 0.06145833333333333 0.1388888888888889
4 0.45208333333333334 0.1712962962962963 0.08333333333333333 0.07222222222222223
4 0.7614583333333333 0.06481481481481481 0.03333333333333333 0.05555555555555556
4 0.7359375 0.10092592592592593 0.042708333333333334 0.061111111111111116
4 0.8270833333333333 0.1 0.04791666666666666 0.06296296296296297
4 0.5989583333333334 0.13240740740740742 0.041666666666666664 0.061111111111111116
4 0.88125 0.19444444444444445 0.06875 0.0925925925925926
4 0.96875 0.1851851851851852 0.06041666666666667 0.10740740740740741
4 0.5723958333333333 0.08425925925925926 0.03854166666666667 0.06851851851851852
3 0.4927083333333333 0.09722222222222222 0.12708333333333333 0.15