4 0.6369791666666667 0.4740740740740741 0.090625 0.16666666666666669
4 0.8395833333333333 0.8787037037037038 0.21458333333333332 0.2388888888888889
4 0.7609375 0.06018518518518519 0.034375 0.04259259259259259
4 0.7484375 0.3212962962962963 0.08229166666666667 0.12407407407407407
4 0.6223958333333334 0.20277777777777778 0.053125 0.08703703703703704
4 0.7927083333333333 0.0787037037037037 0.03958333333333333 0.053703703703703705
4 0.7036458333333333 0.037037037037037035 0.026041666666666668 0.044444444444444446
4 0.7885416666666667 0.03333333333333333 0.03125 0.040740740740740744
4 0.6015625 0.13518518518518519 0.03854166666666667 0.06296296296296297
4 0.6958333333333333 0.1787037037037037 0.05 0.07592592592592592
4 0.7244791666666667 0.07962962962962963 0.034375 0.04814814814814815
4 0.871875 0.10185185185185186 0.04375 0.05555555555555556
4 0.8588541666666667 0.15185185185185185 0.05520833333333333 0.06666666666666667
5 0.5979166666666667 0.08518518518518518 0.029166666666666667 0.05185185185185186
4 0.9 0.20277777777777778 0.05625 0.07962962962962963
4 0.5958333333333333 0.05648148148148149 0.025 0.03518518518518519
4 0.9718749999999999 0.26944444444444443 0.05416666666666667 0.10185185185185186
4 0.9708333333333333 0.44351851851851853 0.05625 0.1277777777777778
3 0.5109375 0.23240740740740742 0.096875 0.2425925925925926