4 0.48020833333333335 0.13611111111111113 0.027083333333333334 0.06481481481481481
4 0.6348958333333333 0.4444444444444445 0.08645833333333333 0.15185185185185185
4 0.6947916666666667 0.03518518518518519 0.025 0.03333333333333333
4 0.5869791666666666 0.24722222222222223 0.057291666666666664 0.09074074074074075
4 0.575 0.14537037037037037 0.0375 0.06481481481481481
4 0.6369791666666667 0.13333333333333333 0.042708333333333334 0.06296296296296297
5 0.5083333333333333 0.15185185185185185 0.06041666666666667 0.08148148148148149
4 0.5583333333333333 0.075 0.029166666666666667 0.05
4 0.7958333333333333 0.23333333333333334 0.06875 0.0925925925925926
4 0.9734375 0.33333333333333337 0.04479166666666667 0.11111111111111112
4 0.5546875 0.040740740740740744 0.021875 0.037037037037037035
4 0.5828125 0.03518518518518519 0.019791666666666666 0.02592592592592593
3 0.45677083333333335 0.4777777777777778 0.16145833333333334 0.5148148148148148