4 0.53125 0.23333333333333334 0.0625 0.0925925925925926
5 0.6364583333333333 0.43703703703703706 0.10208333333333333 0.22592592592592595
4 0.596875 0.2990740740740741 0.0625 0.10185185185185186
4 0.6875 0.25 0.07083333333333333 0.11851851851851852
3 0.5046875 0.06759259259259259 0.04895833333333333 0.13518518518518519
4 0.5713541666666666 0.10277777777777779 0.03229166666666666 0.053703703703703705
4 0.6484375 0.1537037037037037 0.04895833333333333 0.06666666666666667
4 0.703125 0.0962962962962963 0.04375 0.06296296296296297
4 0.6151041666666667 0.08611111111111111 0.03229166666666666 0.04259259259259259
5 0.6098958333333333 0.05648148148148149 0.030208333333333334 0.05740740740740741
4 0.559375 0.044444444444444446 0.025 0.040740740740740744
4 0.9463541666666666 0.3055555555555556 0.08020833333333333 0.11481481481481481
3 0.44895833333333335 0.46851851851851856 0.17291666666666666 0.5074074074074074