4 0.740625 0.0462962962962963 0.03125 0.040740740740740744
4 0.6052083333333333 0.3037037037037037 0.07291666666666667 0.12222222222222223
4 0.6088541666666667 0.17500000000000002 0.04895833333333333 0.07592592592592592
4 0.75 0.3509259259259259 0.08958333333333333 0.1388888888888889
4 0.7677083333333333 0.08240740740740742 0.03958333333333333 0.05740740740740741
4 0.5447916666666667 0.15925925925925927 0.03958333333333333 0.07037037037037037
5 0.6015625 0.1175925925925926 0.036458333333333336 0.06851851851851852
4 0.68125 0.16574074074074074 0.052083333333333336 0.07962962962962963
4 0.8234374999999999 0.11296296296296297 0.042708333333333334 0.06296296296296297
4 0.5307291666666667 0.11203703703703705 0.034375 0.061111111111111116
4 0.6536458333333334 0.10833333333333334 0.04479166666666667 0.06481481481481481
4 0.5625 0.0787037037037037 0.035416666666666666 0.05740740740740741
5 0.6447916666666667 0.06018518518518519 0.029166666666666667 0.0462962962962963
4 0.8932291666666666 0.20092592592592592 0.06979166666666667 0.09074074074074075
4 0.60625 0.05 0.027083333333333334 0.04814814814814815
4 0.9713541666666666 0.1851851851851852 0.05520833333333333 0.08888888888888889
3 0.45468749999999997 0.5768518518518518 0.21562499999999998 0.6722222222222223