4 0.47604166666666664 0.13518518518518519 0.01875 0.07777777777777778
5 0.6395833333333333 0.5277777777777778 0.10625 0.21481481481481482
4 0.5963541666666666 0.25462962962962965 0.057291666666666664 0.10185185185185186
4 0.8286458333333333 0.5601851851851852 0.153125 0.2796296296296296
4 0.7145833333333333 0.0462962962962963 0.035416666666666666 0.044444444444444446
4 0.5703125 0.16481481481481483 0.042708333333333334 0.06666666666666667
4 0.5630208333333333 0.11296296296296297 0.03854166666666667 0.05185185185185186
4 0.6130208333333333 0.08611111111111111 0.036458333333333336 0.053703703703703705
5 0.48593749999999997 0.13796296296296298 0.07604166666666666 0.07962962962962963
4 0.5526041666666667 0.04814814814814815 0.02395833333333333 0.040740740740740744
4 0.8729166666666667 0.33055555555555555 0.10625 0.13518518518518519
3 0.45729166666666665 0.4185185185185185 0.14791666666666667 0.44074074074074077