4 0.48854166666666665 0.6425925925925926 0.12083333333333333 0.22222222222222224
4 0.5442708333333334 0.375 0.06770833333333333 0.10925925925925926
4 0.4609375 0.3611111111111111 0.06354166666666666 0.1
4 0.6645833333333333 0.47222222222222227 0.08333333333333333 0.15555555555555556
4 0.5703125 0.2611111111111111 0.046875 0.08148148148148149
4 0.6447916666666667 0.2712962962962963 0.04791666666666666 0.07962962962962963
4 0.59375 0.19814814814814816 0.03958333333333333 0.05925925925925926
4 0.9119791666666667 0.33796296296296297 0.08229166666666667 0.09814814814814815
4 0.5973958333333333 0.1574074074074074 0.034375 0.04814814814814815
4 0.6458333333333334 0.1574074074074074 0.03125 0.05185185185185186
3 0.49322916666666666 0.17777777777777778 0.13020833333333334 0.15185185185185185