4 0.35833333333333334 0.625925925925926 0.13125 0.2111111111111111
4 0.4927083333333333 0.31851851851851853 0.07083333333333333 0.10370370370370371
5 0.5338541666666666 0.20277777777777778 0.059375 0.10925925925925926
4 0.6609375 0.30185185185185187 0.06979166666666667 0.14074074074074075
4 0.7614583333333333 0.09444444444444444 0.0375 0.05555555555555556
4 0.6432291666666666 0.17962962962962964 0.042708333333333334 0.07777777777777778
4 0.85625 0.23333333333333334 0.06875 0.08888888888888889
4 0.5822916666666667 0.13611111111111113 0.03958333333333333 0.061111111111111116
4 0.8614583333333333 0.40370370370370373 0.10833333333333334 0.16296296296296298
4 0.6104166666666666 0.10185185185185186 0.03333333333333333 0.05185185185185186
4 0.5697916666666667 0.10277777777777779 0.03125 0.053703703703703705
4 0.6541666666666667 0.0925925925925926 0.029166666666666667 0.05185185185185186
3 0.48854166666666665 0.12407407407407407 0.12916666666666665 0.15925925925925927