4 0.4114583333333333 0.8731481481481482 0.18333333333333332 0.25
4 0.5171875 0.5092592592592593 0.08645833333333333 0.15185185185185185
4 0.6682291666666667 0.7824074074074074 0.134375 0.2796296296296296
4 0.5317708333333333 0.33240740740740743 0.06354166666666666 0.09814814814814815
4 0.8145833333333333 0.21666666666666667 0.04791666666666666 0.06666666666666667
4 0.5817708333333333 0.24166666666666667 0.04479166666666667 0.07592592592592592
4 0.653125 0.31574074074074077 0.052083333333333336 0.09074074074074075
4 0.5916666666666667 0.19907407407407407 0.035416666666666666 0.05740740740740741
4 0.6583333333333333 0.19907407407407407 0.041666666666666664 0.07222222222222223
4 0.6072916666666667 0.16111111111111112 0.03125 0.04814814814814815
3 0.49322916666666666 0.18981481481481483 0.12604166666666666 0.1537037037037037