4 0.65625 0.6074074074074074 0.12291666666666666 0.23333333333333334
4 0.6489583333333333 0.3601851851851852 0.09166666666666666 0.17592592592592593
4 0.8276041666666667 0.4814814814814815 0.128125 0.1814814814814815
4 0.6098958333333333 0.1925925925925926 0.053125 0.08888888888888889
4 0.775 0.04814814814814815 0.03333333333333333 0.05185185185185186
4 0.80625 0.037037037037037035 0.029166666666666667 0.044444444444444446
4 0.7130208333333333 0.20277777777777778 0.057291666666666664 0.09444444444444444
5 0.590625 0.12407407407407407 0.0375 0.08888888888888889
4 0.8302083333333333 0.07407407407407407 0.03958333333333333 0.05555555555555556
4 0.6223958333333334 0.1 0.036458333333333336 0.06296296296296297
4 0.7921875 0.10925925925925926 0.04479166666666667 0.06666666666666667
4 0.603125 0.05740740740740741 0.03125 0.04814814814814815
4 0.9286458333333333 0.13796296296296298 0.059375 0.06481481481481481
4 0.9322916666666666 0.19722222222222224 0.07708333333333334 0.08703703703703704
4 0.9302083333333333 0.275 0.08333333333333333 0.11296296296296297
3 0.3854166666666667 0.7962962962962963 0.35625 0.3740740740740741