4 0.3338541666666667 0.23425925925925928 0.042708333333333334 0.06851851851851852
4 0.6276041666666666 0.10833333333333334 0.026041666666666668 0.04259259259259259
4 0.6776041666666667 0.13055555555555556 0.03229166666666666 0.05
4 0.6572916666666666 0.16481481481481483 0.041666666666666664 0.06666666666666667
4 0.20729166666666665 0.8777777777777778 0.16875 0.2111111111111111
4 0.05572916666666666 0.8351851851851853 0.11145833333333333 0.21851851851851853
4 0.4947916666666667 0.27314814814814814 0.05 0.09074074074074075
4 0.7229166666666667 0.1814814814814815 0.04583333333333333 0.06666666666666667
4 0.40260416666666665 0.3 0.059375 0.08888888888888889
4 0.46875 0.14722222222222223 0.03125 0.053703703703703705
4 0.5223958333333333 0.19814814814814816 0.040625 0.06666666666666667
4 0.7151041666666667 0.30185185185185187 0.06354166666666666 0.1
4 0.8364583333333333 0.3212962962962963 0.07916666666666666 0.10185185185185186
4 0.5151041666666667 0.1388888888888889 0.030208333333333334 0.04814814814814815
4 0.4536458333333333 0.12222222222222223 0.02395833333333333 0.040740740740740744
4 0.48802083333333335 0.09907407407407408 0.021875 0.03518518518518519
3 0.6635416666666667 0.08888888888888889 0.04583333333333333 0.08518518518518518