5 0.7380208333333333 0.7703703703703704 0.17395833333333333 0.3925925925925926
4 0.6411458333333333 0.5074074074074074 0.10520833333333333 0.1851851851851852
4 0.6411458333333333 0.3212962962962963 0.08229166666666667 0.1574074074074074
4 0.9317708333333333 0.7305555555555556 0.134375 0.3314814814814815
4 0.7958333333333333 0.3990740740740741 0.10416666666666667 0.1537037037037037
4 0.6104166666666666 0.1824074074074074 0.04791666666666666 0.08703703703703704
4 0.7755208333333333 0.05740740740740741 0.036458333333333336 0.05555555555555556
4 0.8140625 0.0462962962962963 0.034375 0.04814814814814815
4 0.703125 0.17592592592592593 0.05 0.08518518518518518
5 0.5875 0.11481481481481481 0.03333333333333333 0.08148148148148149
4 0.8395833333333333 0.08796296296296297 0.04375 0.061111111111111116
4 0.6171875 0.09351851851851853 0.034375 0.061111111111111116
4 0.8036458333333333 0.13148148148148148 0.04895833333333333 0.07407407407407407
4 0.6005208333333333 0.049074074074074076 0.030208333333333334 0.0462962962962963
4 0.9463541666666666 0.15925925925925927 0.065625 0.07777777777777778
4 0.9651041666666667 0.23611111111111113 0.06770833333333333 0.09814814814814815
4 0.9609375 0.34074074074074073 0.07604166666666666 0.13333333333333333
3 0.38125 0.7481481481481482 0.3645833333333333 0.4740740740740741