4 0.5578125 0.2574074074074074 0.07604166666666666 0.10740740740740741
5 0.6739583333333333 0.65 0.14375 0.362962962962963
4 0.6109375 0.41111111111111115 0.08645833333333333 0.15925925925925927
4 0.7895833333333333 0.46296296296296297 0.12916666666666665 0.22962962962962963
3 0.5010416666666666 0.0787037037037037 0.05416666666666667 0.1574074074074074
4 0.5760416666666667 0.13240740740740742 0.03958333333333333 0.06481481481481481
4 0.6854166666666667 0.22870370370370371 0.06666666666666667 0.09444444444444444
4 0.6666666666666666 0.040740740740740744 0.03125 0.040740740740740744
4 0.6296875 0.11944444444444445 0.042708333333333334 0.05740740740740741
5 0.6203125 0.07407407407407407 0.036458333333333336 0.06296296296296297
4 0.5619791666666667 0.05648148148148149 0.026041666666666668 0.03888888888888889
4 0.8088541666666667 0.16296296296296298 0.06145833333333333 0.07407407407407407
3 0.4458333333333333 0.4564814814814815 0.17083333333333334 0.512962962962963