4 0.6984375 0.05462962962962963 0.019791666666666666 0.03518518518518519
4 0.7109375 0.06296296296296297 0.02395833333333333 0.037037037037037035
4 0.42916666666666664 0.23055555555555557 0.08541666666666667 0.07592592592592592
4 0.7354166666666666 0.0712962962962963 0.025 0.03888888888888889
4 0.7598958333333333 0.05092592592592593 0.021875 0.024074074074074074
4 0.7390625 0.040740740740740744 0.019791666666666666 0.022222222222222223
4 0.7723958333333333 0.02962962962962963 0.021875 0.02962962962962963
4 0.775 0.0712962962962963 0.025 0.053703703703703705
4 0.7630208333333334 0.09722222222222222 0.030208333333333334 0.05
4 0.7526041666666666 0.08055555555555556 0.019791666666666666 0.02777777777777778
4 0.5979166666666667 0.2564814814814815 0.04791666666666666 0.09074074074074075
4 0.5505208333333333 0.13240740740740742 0.028125 0.05
4 0.6651041666666666 0.20462962962962963 0.046875 0.07592592592592592
4 0.7369791666666666 0.12314814814814816 0.034375 0.053703703703703705
4 0.79375 0.125 0.03125 0.0462962962962963
4 0.6333333333333333 0.13055555555555556 0.035416666666666666 0.061111111111111116
4 0.8140625 0.1537037037037037 0.042708333333333334 0.06666666666666667
5 0.759375 0.1685185185185185 0.05 0.08148148148148149
4 0.6213541666666667 0.07037037037037037 0.02395833333333333 0.040740740740740744
4 0.9520833333333333 0.3027777777777778 0.09375 0.12037037037037038
3 0.54375 0.036111111111111115 0.03125 0.07222222222222223