4 0.2791666666666667 0.887962962962963 0.18958333333333333 0.22037037037037038
5 0.4239583333333333 0.39814814814814814 0.09791666666666667 0.2
4 0.6260416666666666 0.525 0.09583333333333333 0.19444444444444445
4 0.7635416666666667 0.08333333333333334 0.03333333333333333 0.05555555555555556
4 0.5171875 0.17685185185185187 0.06145833333333333 0.06851851851851852
4 0.7338541666666667 0.12222222222222223 0.042708333333333334 0.07037037037037037
4 0.6015625 0.14722222222222223 0.040625 0.06851851851851852
4 0.584375 0.12222222222222223 0.035416666666666666 0.05555555555555556
4 0.6572916666666666 0.18333333333333335 0.04583333333333333 0.08148148148148149
4 0.7885416666666667 0.21944444444444444 0.06041666666666667 0.08703703703703704
4 0.6453125 0.09814814814814815 0.034375 0.05555555555555556
4 0.9630208333333333 0.35370370370370374 0.071875 0.13333333333333333
3 0.4875 0.12037037037037038 0.12708333333333333 0.15185185185185185