4 0.665625 0.45462962962962966 0.1 0.17962962962962964
4 0.6041666666666666 0.33425925925925926 0.07916666666666666 0.13148148148148148
5 0.6270833333333333 0.23703703703703705 0.0625 0.12962962962962962
4 0.5677083333333334 0.21296296296296297 0.05416666666666667 0.08518518518518518
4 0.8651041666666667 0.5638888888888889 0.15104166666666666 0.29074074074074074
4 0.6130208333333333 0.15185185185185185 0.051041666666666666 0.07037037037037037
5 0.721875 0.21574074074074076 0.06458333333333333 0.1277777777777778
4 0.7802083333333333 0.032407407407407406 0.029166666666666667 0.04259259259259259
4 0.6796875 0.14722222222222223 0.04895833333333333 0.08333333333333334
4 0.8255208333333334 0.049074074074074076 0.040625 0.05
4 0.7848958333333333 0.07685185185185185 0.042708333333333334 0.053703703703703705
4 0.6671875 0.10648148148148148 0.040625 0.05740740740740741
4 0.5979166666666667 0.07407407407407407 0.035416666666666666 0.05555555555555556
4 0.871875 0.14907407407407408 0.05625 0.06851851851851852
4 0.9020833333333333 0.2611111111111111 0.08958333333333333 0.11851851851851852
4 0.9526041666666667 0.2101851851851852 0.06145833333333333 0.09444444444444444
3 0.4588541666666667 0.5768518518518518 0.21562499999999998 0.6759259259259259