4 0.47760416666666666 0.1212962962962963 0.028125 0.05740740740740741
5 0.596875 0.25092592592592594 0.05625 0.09444444444444444
4 0.578125 0.1537037037037037 0.03958333333333333 0.06666666666666667
4 0.734375 0.38333333333333336 0.08958333333333333 0.15555555555555556
4 0.6729166666666666 0.2064814814814815 0.0625 0.10555555555555556
4 0.7635416666666667 0.08518518518518518 0.041666666666666664 0.05185185185185186
4 0.5645833333333333 0.11851851851851852 0.035416666666666666 0.05185185185185186
4 0.5588541666666667 0.07962962962962963 0.028125 0.04814814814814815
4 0.5947916666666666 0.05277777777777778 0.027083333333333334 0.03888888888888889
5 0.47552083333333334 0.13425925925925927 0.053125 0.07222222222222223
3 0.48020833333333335 0.2814814814814815 0.11041666666666666 0.2962962962962963