4 0.6942708333333333 0.8046296296296297 0.16979166666666667 0.3351851851851852
5 0.6057291666666667 0.4240740740740741 0.07395833333333333 0.20370370370370372
4 0.784375 0.45833333333333337 0.11666666666666667 0.17962962962962964
4 0.6223958333333334 0.21203703703703705 0.04895833333333333 0.09444444444444444
4 0.7427083333333333 0.04537037037037037 0.029166666666666667 0.04259259259259259
4 0.7557291666666667 0.0712962962962963 0.034375 0.053703703703703705
4 0.5609375 0.3231481481481482 0.07604166666666666 0.12037037037037038
4 0.8130208333333333 0.10555555555555556 0.046875 0.06296296296296297
4 0.6729166666666666 0.14351851851851852 0.04375 0.07592592592592592
4 0.603125 0.09166666666666667 0.03333333333333333 0.053703703703703705
4 0.8708333333333333 0.1398148148148148 0.05625 0.06851851851851852
4 0.7765625 0.13425925925925927 0.04895833333333333 0.07222222222222223
4 0.8713541666666667 0.09166666666666667 0.04479166666666667 0.06481481481481481
4 0.5973958333333333 0.05555555555555556 0.028125 0.040740740740740744
4 0.64375 0.05277777777777778 0.029166666666666667 0.0462962962962963
4 0.9416666666666667 0.2962962962962963 0.08333333333333333 0.11481481481481481
4 0.9760416666666667 0.20925925925925926 0.04583333333333333 0.08148148148148149
3 0.5369791666666667 0.10555555555555556 0.059375 0.14444444444444446