4 0.6078125 0.3805555555555556 0.090625 0.1388888888888889
4 0.6625 0.7527777777777778 0.14166666666666666 0.31666666666666665
3 0.5 0.09351851851851853 0.06041666666666667 0.18703703703703706
4 0.5953125 0.2138888888888889 0.051041666666666666 0.08333333333333334
4 0.8052083333333333 0.5101851851851852 0.13541666666666666 0.20555555555555557
4 0.6682291666666667 0.20555555555555557 0.059375 0.08148148148148149
5 0.6453125 0.13518518518518519 0.046875 0.0925925925925926
4 0.5734375 0.10925925925925926 0.034375 0.05185185185185186
4 0.7302083333333333 0.08888888888888889 0.0375 0.05185185185185186
4 0.5875 0.07592592592592592 0.03125 0.044444444444444446
4 0.5520833333333334 0.04166666666666667 0.022916666666666665 0.031481481481481485
4 0.9083333333333333 0.26851851851851855 0.08958333333333333 0.11851851851851852
3 0.4421875 0.512962962962963 0.18229166666666666 0.5740740740740741