4 0.4734375 0.19166666666666668 0.05520833333333333 0.07962962962962963
4 0.4036458333333333 0.875925925925926 0.18854166666666666 0.24444444444444446
5 0.4947916666666667 0.4351851851851852 0.11666666666666667 0.2777777777777778
4 0.4557291666666667 0.1685185185185185 0.084375 0.07037037037037037
4 0.5572916666666666 0.28611111111111115 0.06875 0.10925925925925926
4 0.7807291666666667 0.06481481481481481 0.040625 0.05925925925925926
4 0.8265625 0.03425925925925926 0.036458333333333336 0.06851851851851852
4 0.5916666666666667 0.11111111111111112 0.0375 0.07037037037037037
4 0.6484375 0.13333333333333333 0.042708333333333334 0.07407407407407407
4 0.6489583333333333 0.07962962962962963 0.035416666666666666 0.06296296296296297
3 0.49114583333333334 0.08703703703703704 0.128125 0.14814814814814814