4 0.4739583333333333 0.2 0.05416666666666667 0.07777777777777778
4 0.2942708333333333 0.9009259259259259 0.20520833333333333 0.19444444444444445
4 0.4921875 0.5314814814814816 0.10520833333333333 0.2
4 0.6609375 0.8157407407407408 0.15520833333333334 0.32037037037037036
5 0.5453125 0.2564814814814815 0.07395833333333333 0.17592592592592593
4 0.4536458333333333 0.17685185185185187 0.084375 0.06851851851851852
4 0.7203125 0.0712962962962963 0.036458333333333336 0.053703703703703705
4 0.8036458333333333 0.06759259259259259 0.03854166666666667 0.053703703703703705
4 0.590625 0.18796296296296297 0.04791666666666666 0.08333333333333334
4 0.828125 0.13240740740740742 0.05416666666666667 0.07592592592592592
4 0.8880208333333334 0.10555555555555556 0.051041666666666666 0.07777777777777778
4 0.5864583333333333 0.09722222222222222 0.04583333333333333 0.06851851851851852
4 0.6489583333333333 0.08796296296296297 0.035416666666666666 0.061111111111111116
3 0.4921875 0.0925925925925926 0.12604166666666666 0.14814814814814814