5 0.4010416666666667 0.2537037037037037 0.11458333333333333 0.0925925925925926
4 0.5901041666666667 0.37962962962962965 0.06145833333333333 0.10740740740740741
5 0.5817708333333333 0.23333333333333334 0.036458333333333336 0.0925925925925926
4 0.6494791666666666 0.22314814814814815 0.042708333333333334 0.06851851851851852
4 0.8640625 0.2888888888888889 0.06354166666666666 0.07777777777777778
4 0.8161458333333333 0.18055555555555555 0.03854166666666667 0.053703703703703705
4 0.7838541666666666 0.2 0.04895833333333333 0.05185185185185186
4 0.7604166666666666 0.18425925925925926 0.03958333333333333 0.05
4 0.7661458333333333 0.15 0.034375 0.044444444444444446
4 0.7307291666666667 0.15555555555555556 0.034375 0.044444444444444446
5 0.7114583333333333 0.13148148148148148 0.029166666666666667 0.05185185185185186
4 0.6947916666666667 0.12314814814814816 0.025 0.04259259259259259
4 0.8786458333333333 0.34444444444444444 0.06979166666666667 0.0962962962962963
4 0.6192708333333333 0.16666666666666669 0.028125 0.04814814814814815
4 0.565625 0.1527777777777778 0.027083333333333334 0.0462962962962963
3 0.9328124999999999 0.22037037037037038 0.13229166666666667 0.17407407407407408