4 0.6119791666666666 0.09722222222222222 0.030208333333333334 0.03888888888888889
4 0.5984375 0.11944444444444445 0.030208333333333334 0.0462962962962963
4 0.29010416666666666 0.6314814814814815 0.11562499999999999 0.2
5 0.459375 0.20370370370370372 0.04375 0.08148148148148149
4 0.6359375 0.36203703703703705 0.07395833333333333 0.11666666666666667
4 0.7098958333333333 0.6935185185185185 0.140625 0.22037037037037038
4 0.44947916666666665 0.11018518518518519 0.013541666666666667 0.03888888888888889
4 0.49322916666666666 0.08240740740740742 0.021875 0.03518518518518519
3 0.9348958333333334 0.4398148148148148 0.128125 0.3685185185185185
3 0.8703124999999999 0.549074074074074 0.25729166666666664 0.575925925925926
3 0.4109375 0.14537037037037037 0.06145833333333333 0.1277777777777778