4 0.43072916666666666 0.674074074074074 0.14270833333333333 0.2777777777777778
4 0.6666666666666666 0.3990740740740741 0.07916666666666666 0.1537037037037037
4 0.5286458333333334 0.32685185185185184 0.07395833333333333 0.12407407407407407
4 0.4671875 0.2111111111111111 0.053125 0.08148148148148149
4 0.6421875 0.22777777777777777 0.059375 0.12222222222222223
4 0.5692708333333333 0.1851851851851852 0.04895833333333333 0.08888888888888889
4 0.6385416666666667 0.08703703703703704 0.035416666666666666 0.05555555555555556
4 0.5953125 0.07685185185185185 0.028125 0.0462962962962963
4 0.7869791666666667 0.23425925925925928 0.06354166666666666 0.09814814814814815
4 0.84375 0.20370370370370372 0.0625 0.08888888888888889
4 0.8890625 0.1527777777777778 0.059375 0.07592592592592592
4 0.8119791666666667 0.10740740740740741 0.04895833333333333 0.06296296296296297
4 0.9203125 0.07962962962962963 0.084375 0.05925925925925926
4 0.5791666666666666 0.13425925925925927 0.03958333333333333 0.06481481481481481
5 0.5682291666666667 0.09814814814814815 0.040625 0.07037037037037037
4 0.9453125 0.7453703703703703 0.10729166666666666 0.26481481481481484
3 0.484375 0.10833333333333334 0.12291666666666666 0.1537037037037037