4 0.7479166666666667 0.05925925925925926 0.03125 0.044444444444444446
4 0.5921875 0.2657407407407408 0.06145833333333333 0.10185185185185186
4 0.6052083333333333 0.16574074074074074 0.04375 0.07222222222222223
4 0.721875 0.2935185185185185 0.07916666666666666 0.11666666666666667
4 0.7744791666666666 0.09537037037037037 0.040625 0.061111111111111116
4 0.5416666666666666 0.14907407407407408 0.0375 0.06851851851851852
5 0.596875 0.10555555555555556 0.035416666666666666 0.06296296296296297
4 0.6734375 0.14722222222222223 0.046875 0.07222222222222223
4 0.8348958333333333 0.13333333333333333 0.042708333333333334 0.07037037037037037
4 0.5291666666666667 0.10555555555555556 0.03333333333333333 0.05555555555555556
4 0.6447916666666667 0.09722222222222222 0.03958333333333333 0.06481481481481481
4 0.5572916666666666 0.07222222222222223 0.03333333333333333 0.05925925925925926
5 0.6411458333333333 0.06018518518518519 0.028125 0.05
4 0.9270833333333334 0.23703703703703705 0.07916666666666666 0.1
3 0.4552083333333333 0.5833333333333334 0.21458333333333332 0.674074074074074