4 0.4869791666666667 0.12314814814814816 0.028125 0.05
5 0.5901041666666667 0.1953703703703704 0.042708333333333334 0.06851851851851852
4 0.5760416666666667 0.14074074074074075 0.035416666666666666 0.05185185185185186
4 0.6807291666666666 0.24351851851851852 0.053125 0.09074074074074075
4 0.6453125 0.14907407407407408 0.042708333333333334 0.07592592592592592
4 0.7989583333333333 0.12407407407407407 0.04791666666666666 0.06296296296296297
4 0.6416666666666666 0.04259259259259259 0.020833333333333332 0.037037037037037035
5 0.6822916666666666 0.04722222222222222 0.022916666666666665 0.03888888888888889
4 0.5578125 0.10925925925925926 0.030208333333333334 0.04814814814814815
4 0.5609375 0.06944444444444445 0.02395833333333333 0.03518518518518519
4 0.5927083333333333 0.0462962962962963 0.022916666666666665 0.03333333333333333
5 0.4713541666666667 0.14166666666666666 0.030208333333333334 0.06851851851851852
3 0.49374999999999997 0.23148148148148148 0.09583333333333333 0.22962962962962963