4 0.7692708333333333 0.11296296296296297 0.028125 0.044444444444444446
4 0.7036458333333333 0.0962962962962963 0.028125 0.040740740740740744
4 0.6661458333333333 0.737962962962963 0.12604166666666666 0.2574074074074074
4 0.7390625 0.5064814814814815 0.10520833333333333 0.1685185185185185
4 0.8807291666666667 0.1925925925925926 0.04895833333333333 0.06666666666666667
4 0.68125 0.30648148148148147 0.06041666666666667 0.09814814814814815
4 0.584375 0.18981481481481483 0.03958333333333333 0.06851851851851852
4 0.5234375 0.18425925925925926 0.034375 0.07222222222222223
4 0.6505208333333333 0.18055555555555555 0.03854166666666667 0.061111111111111116
5 0.5791666666666666 0.11388888888888889 0.027083333333333334 0.05740740740740741
3 0.8088541666666667 0.10185185185185186 0.08229166666666667 0.14074074074074075