4 0.8109375 0.06759259259259259 0.03854166666666667 0.053703703703703705
4 0.7484375 0.06296296296296297 0.03229166666666666 0.044444444444444446
4 0.8140625 0.13425925925925927 0.046875 0.061111111111111116
4 0.5567708333333333 0.13148148148148148 0.034375 0.06296296296296297
4 0.596875 0.09444444444444444 0.03125 0.05185185185185186
4 0.653125 0.10833333333333334 0.0375 0.05740740740740741
4 0.5994791666666667 0.3814814814814815 0.08854166666666667 0.13703703703703704
4 0.8937499999999999 0.22222222222222224 0.07083333333333333 0.0925925925925926
4 0.5427083333333333 0.08518518518518518 0.027083333333333334 0.044444444444444446
5 0.5911458333333334 0.06574074074074074 0.028125 0.05
4 0.6359375 0.06481481481481481 0.028125 0.044444444444444446
3 0.4630208333333333 0.55 0.19895833333333332 0.6185185185185186