4 0.4770833333333333 0.13333333333333333 0.029166666666666667 0.07777777777777778
5 0.6119791666666666 0.3601851851851852 0.06770833333333333 0.12407407407407407
4 0.5875 0.2064814814814815 0.04583333333333333 0.07592592592592592
4 0.8869791666666667 0.750925925925926 0.16979166666666667 0.3092592592592593
4 0.728125 0.33425925925925926 0.09166666666666666 0.1574074074074074
4 0.7375 0.06666666666666667 0.0375 0.04814814814814815
4 0.5713541666666666 0.15 0.03854166666666667 0.05555555555555556
4 0.5619791666666667 0.10185185185185186 0.030208333333333334 0.05555555555555556
4 0.603125 0.075 0.029166666666666667 0.0462962962962963
5 0.48333333333333334 0.14351851851851852 0.07083333333333333 0.07222222222222223
4 0.5546875 0.04537037037037037 0.026041666666666668 0.03518518518518519
4 0.9447916666666667 0.44537037037037036 0.10833333333333334 0.15
3 0.46822916666666664 0.3601851851851852 0.13229166666666667 0.37592592592592594