4 0.8052083333333333 0.20185185185185187 0.035416666666666666 0.05555555555555556
4 0.7494791666666667 0.1277777777777778 0.028125 0.040740740740740744
4 0.71875 0.13333333333333333 0.027083333333333334 0.040740740740740744
4 0.7901041666666666 0.22777777777777777 0.053125 0.06296296296296297
4 0.8255208333333334 0.6416666666666667 0.12604166666666666 0.21296296296296297
4 0.5984375 0.39351851851851855 0.06354166666666666 0.12037037037037038
4 0.5916666666666667 0.2935185185185185 0.052083333333333336 0.08333333333333334
4 0.5276041666666667 0.24444444444444446 0.03854166666666667 0.07407407407407407
4 0.5791666666666666 0.19907407407407407 0.03333333333333333 0.05740740740740741
4 0.571875 0.17037037037037037 0.029166666666666667 0.05185185185185186
4 0.9645833333333333 0.3425925925925926 0.06666666666666667 0.0962962962962963
3 0.8015625 0.14444444444444446 0.07604166666666666 0.11111111111111112
3 0.9270833333333334 0.19722222222222224 0.14375 0.21296296296296297