4 0.6119791666666666 0.8444444444444444 0.16145833333333334 0.2740740740740741
4 0.48385416666666664 0.11296296296296297 0.021875 0.044444444444444446
5 0.5833333333333334 0.15462962962962964 0.03333333333333333 0.053703703703703705
4 0.5755208333333334 0.11203703703703705 0.030208333333333334 0.053703703703703705
4 0.6536458333333334 0.1712962962962963 0.040625 0.06851851851851852
4 0.6286458333333333 0.10462962962962963 0.040625 0.061111111111111116
4 0.840625 0.14814814814814814 0.052083333333333336 0.06296296296296297
4 0.6510416666666666 0.0462962962962963 0.020833333333333332 0.02962962962962963
5 0.69375 0.05277777777777778 0.025 0.03888888888888889
4 0.5546875 0.08611111111111111 0.02395833333333333 0.03888888888888889
4 0.5583333333333333 0.049074074074074076 0.01875 0.02777777777777778
3 0.5078125 0.19074074074074074 0.09270833333333334 0.20370370370370372