3 0.4890625 0.14074074074074075 0.08020833333333333 0.23703703703703705
4 0.6807291666666666 0.6583333333333333 0.13645833333333332 0.2537037037037037
5 0.7942708333333334 0.41481481481481486 0.12604166666666666 0.22592592592592595
4 0.6182291666666666 0.3027777777777778 0.06770833333333333 0.12037037037037038
4 0.5979166666666667 0.19814814814814816 0.05 0.08888888888888889
4 0.5760416666666667 0.10740740740740741 0.0375 0.05185185185185186
4 0.7135416666666666 0.05925925925925926 0.03125 0.040740740740740744
4 0.8067708333333333 0.0925925925925926 0.051041666666666666 0.05185185185185186
4 0.603125 0.062037037037037036 0.03125 0.0462962962962963
4 0.5421875 0.04814814814814815 0.028125 0.03333333333333333
4 0.7645833333333333 0.17592592592592593 0.0625 0.08148148148148149
4 0.4739583333333333 0.12314814814814816 0.06458333333333333 0.061111111111111116
4 0.9135416666666667 0.2537037037037037 0.0875 0.10370370370370371
3 0.4125 0.7046296296296296 0.32708333333333334 0.587037037037037