4 0.6104166666666666 0.1527777777777778 0.03333333333333333 0.053703703703703705
4 0.6291666666666667 0.2555555555555556 0.052083333333333336 0.08148148148148149
4 0.4088541666666667 0.16018518518518518 0.034375 0.053703703703703705
4 0.47239583333333335 0.12037037037037038 0.028125 0.044444444444444446
4 0.5208333333333334 0.09537037037037037 0.027083333333333334 0.03888888888888889
4 0.6348958333333333 0.3574074074074074 0.071875 0.11111111111111112
4 0.8197916666666667 0.5277777777777778 0.12291666666666666 0.17407407407407408
4 0.5041666666666667 0.06851851851851852 0.020833333333333332 0.03333333333333333
4 0.7765625 0.8231481481481482 0.18229166666666666 0.28703703703703703
3 0.9291666666666667 0.4398148148148148 0.13958333333333334 0.40555555555555556
3 0.7395833333333334 0.2796296296296296 0.13125 0.2740740740740741
3 0.32135416666666666 0.30648148148148147 0.128125 0.27592592592592596