4 0.4791666666666667 0.1277777777777778 0.0375 0.07777777777777778
5 0.6026041666666666 0.2712962962962963 0.057291666666666664 0.09444444444444444
4 0.5822916666666667 0.17592592592592593 0.04583333333333333 0.07037037037037037
4 0.7729166666666667 0.45925925925925926 0.10625 0.16296296296296298
4 0.6875 0.23796296296296296 0.07291666666666667 0.12407407407407407
4 0.7552083333333334 0.07962962962962963 0.03958333333333333 0.05555555555555556
4 0.565625 0.1277777777777778 0.03333333333333333 0.05185185185185186
4 0.5604166666666667 0.08518518518518518 0.03125 0.04814814814814815
4 0.6 0.05925925925925926 0.03333333333333333 0.037037037037037035
5 0.4817708333333333 0.1398148148148148 0.059375 0.07962962962962963
3 0.475 0.30833333333333335 0.11666666666666667 0.312962962962963