4 0.6901041666666666 0.028703703703703703 0.019791666666666666 0.024074074074074074
4 0.7010416666666667 0.04537037037037037 0.01875 0.031481481481481485
4 0.20052083333333334 0.4351851851851852 0.10520833333333333 0.13333333333333333
4 0.7411458333333333 0.018518518518518517 0.02395833333333333 0.02592592592592593
4 0.7109375 0.019444444444444445 0.017708333333333333 0.03888888888888889
4 0.7291666666666666 0.05185185185185186 0.027083333333333334 0.022222222222222223
4 0.7317708333333334 0.036111111111111115 0.021875 0.020370370370370372
4 0.3364583333333333 0.28240740740740744 0.06875 0.09444444444444444
4 0.7270833333333333 0.08148148148148149 0.029166666666666667 0.040740740740740744
4 0.7729166666666667 0.06666666666666667 0.025 0.037037037037037035
4 0.7604166666666666 0.0962962962962963 0.03125 0.04814814814814815
5 0.6802083333333333 0.07037037037037037 0.029166666666666667 0.04814814814814815
4 0.8036458333333333 0.08425925925925926 0.03854166666666667 0.05
4 0.6364583333333333 0.11481481481481481 0.03125 0.05185185185185186
4 0.5947916666666666 0.08611111111111111 0.025 0.04259259259259259
4 0.7828125 0.13240740740740742 0.040625 0.053703703703703705
4 0.8494791666666667 0.14814814814814814 0.053125 0.04814814814814815
4 0.8520833333333333 0.18055555555555555 0.05625 0.06481481481481481
4 0.8989583333333333 0.13611111111111113 0.06666666666666667 0.07222222222222223
4 0.5833333333333334 0.037037037037037035 0.020833333333333332 0.02962962962962963
4 0.609375 0.024074074074074074 0.01875 0.02962962962962963
4 0.5453125 0.031481481481481485 0.017708333333333333 0.02962962962962963
3 0.5432291666666667 0.12592592592592594 0.06145833333333333 0.14814814814814814