4 0.33177083333333335 0.225 0.051041666666666666 0.06481481481481481
4 0.396875 0.30092592592592593 0.06041666666666667 0.09074074074074075
4 0.49322916666666666 0.2833333333333333 0.059375 0.0925925925925926
4 0.6171875 0.1212962962962963 0.017708333333333333 0.03888888888888889
4 0.7328125 0.21574074074074076 0.04895833333333333 0.07222222222222223
4 0.48541666666666666 0.12592592592592594 0.03333333333333333 0.05555555555555556
4 0.6109375 0.22870370370370371 0.053125 0.07962962962962963
4 0.5104166666666666 0.1851851851851852 0.0375 0.06296296296296297
5 0.4640625 0.10648148148148148 0.034375 0.05740740740740741
4 0.7208333333333333 0.3101851851851852 0.07291666666666667 0.10925925925925926
4 0.6244791666666667 0.30648148148148147 0.071875 0.10925925925925926
4 0.5239583333333333 0.13055555555555556 0.029166666666666667 0.05740740740740741
4 0.8244791666666667 0.500925925925926 0.11979166666666667 0.1685185185185185
4 0.9291666666666667 0.8277777777777778 0.09583333333333333 0.2925925925925926
3 0.8468749999999999 0.27314814814814814 0.15833333333333333 0.2388888888888889
3 0.6557291666666667 0.14722222222222223 0.071875 0.1537037037037037