4 0.6911458333333333 0.625 0.121875 0.22777777777777777
4 0.6208333333333333 0.2518518518518519 0.0625 0.10370370370370371
4 0.74375 0.053703703703703705 0.03333333333333333 0.04814814814814815
4 0.5552083333333333 0.21944444444444444 0.05 0.08333333333333334
5 0.60625 0.1675925925925926 0.04375 0.08333333333333334
4 0.7364583333333333 0.30092592592592593 0.07916666666666666 0.11296296296296297
4 0.7989583333333333 0.06666666666666667 0.03333333333333333 0.04814814814814815
4 0.5411458333333333 0.15462962962962964 0.04479166666666667 0.06481481481481481
4 0.696875 0.18981481481481483 0.0625 0.09444444444444444
4 0.5869791666666666 0.11851851851851852 0.042708333333333334 0.07407407407407407
5 0.6630208333333333 0.11203703703703705 0.03854166666666667 0.07592592592592592
4 0.8109375 0.11203703703703705 0.046875 0.06481481481481481
4 0.6265625 0.08240740740740742 0.03229166666666666 0.053703703703703705
4 0.8947916666666667 0.12314814814814816 0.052083333333333336 0.06481481481481481
4 0.8854166666666666 0.20092592592592592 0.06875 0.07962962962962963
4 0.6380208333333334 0.05740740740740741 0.026041666666666668 0.037037037037037035
3 0.4578125 0.5805555555555556 0.221875 0.6685185185185185