4 0.48333333333333334 0.1425925925925926 0.035416666666666666 0.06296296296296297
4 0.6182291666666666 0.42129629629629634 0.08645833333333333 0.15
4 0.5713541666666666 0.16111111111111112 0.03854166666666667 0.07037037037037037
4 0.6661458333333333 0.2111111111111111 0.057291666666666664 0.08148148148148149
5 0.5083333333333333 0.16111111111111112 0.041666666666666664 0.08888888888888889
4 0.553125 0.10277777777777779 0.03125 0.04259259259259259
4 0.7385416666666667 0.16574074074074074 0.05416666666666667 0.07592592592592592
4 0.8239583333333333 0.1787037037037037 0.0625 0.07592592592592592
4 0.5536458333333333 0.0638888888888889 0.030208333333333334 0.0462962962962963
4 0.5942708333333333 0.062037037037037036 0.028125 0.05
3 0.5161458333333333 0.028703703703703703 0.028125 0.05740740740740741
3 0.44427083333333334 0.47500000000000003 0.16979166666666667 0.512962962962963