4 0.4744791666666667 0.13425925925925927 0.019791666666666666 0.07962962962962963
5 0.6515625 0.5953703703703704 0.11354166666666667 0.23148148148148148
4 0.5994791666666667 0.26851851851851855 0.06145833333333333 0.10370370370370371
4 0.865625 0.6416666666666667 0.17916666666666667 0.29814814814814816
4 0.7151041666666667 0.04537037037037037 0.036458333333333336 0.03518518518518519
4 0.56875 0.1675925925925926 0.04583333333333333 0.07222222222222223
4 0.5635416666666666 0.11574074074074074 0.041666666666666664 0.05740740740740741
4 0.6130208333333333 0.09351851851851853 0.036458333333333336 0.061111111111111116
5 0.4895833333333333 0.13796296296296298 0.075 0.08333333333333334
4 0.553125 0.05185185185185186 0.025 0.037037037037037035
4 0.8588541666666667 0.3175925925925926 0.10104166666666667 0.13148148148148148
3 0.45625 0.4287037037037037 0.15208333333333332 0.4537037037037037