4 0.3338541666666667 0.22222222222222224 0.04895833333333333 0.06666666666666667
4 0.46979166666666666 0.55 0.1125 0.23703703703703705
5 0.2859375 0.4703703703703704 0.12395833333333334 0.2555555555555556
4 0.6390625 0.125 0.03229166666666666 0.053703703703703705
4 0.5776041666666667 0.09907407407407408 0.028125 0.04259259259259259
4 0.6927083333333334 0.1712962962962963 0.03958333333333333 0.061111111111111116
4 0.6890625 0.21944444444444444 0.057291666666666664 0.08333333333333334
4 0.4203125 0.2925925925925926 0.06145833333333333 0.08888888888888889
4 0.3609375 0.27037037037037037 0.05520833333333333 0.07777777777777778
4 0.5130208333333334 0.16944444444444445 0.036458333333333336 0.053703703703703705
4 0.7588541666666666 0.2833333333333333 0.06354166666666666 0.0925925925925926
4 0.4510416666666667 0.15833333333333333 0.035416666666666666 0.053703703703703705
4 0.48802083333333335 0.09907407407407408 0.026041666666666668 0.04259259259259259
4 0.5291666666666667 0.12685185185185185 0.03125 0.04259259259259259
4 0.8359375 0.5537037037037037 0.12604166666666666 0.1851851851851852
3 0.6947916666666667 0.10833333333333334 0.0625 0.10555555555555556