3 0.49322916666666666 0.12314814814814816 0.071875 0.2240740740740741
4 0.6333333333333333 0.3925925925925926 0.08333333333333333 0.14444444444444446
4 0.803125 0.49259259259259264 0.12291666666666666 0.18888888888888888
5 0.7161458333333334 0.25925925925925924 0.078125 0.14444444444444446
4 0.5989583333333334 0.2101851851851852 0.05 0.08703703703703704
4 0.59375 0.14444444444444446 0.04375 0.07037037037037037
4 0.5671875 0.08148148148148149 0.030208333333333334 0.04814814814814815
4 0.7489583333333333 0.10092592592592593 0.04583333333333333 0.053703703703703705
4 0.8838541666666666 0.15462962962962964 0.065625 0.07592592592592592
4 0.5942708333333333 0.04166666666666667 0.02395833333333333 0.03888888888888889
4 0.5458333333333333 0.03888888888888889 0.020833333333333332 0.037037037037037035
4 0.9104166666666667 0.3805555555555556 0.11666666666666667 0.1574074074074074
3 0.4239583333333333 0.6546296296296297 0.2791666666666667 0.6870370370370371