4 0.4770833333333333 0.18425925925925926 0.06041666666666667 0.07592592592592592
5 0.6265625 0.34814814814814815 0.084375 0.17777777777777778
4 0.6630208333333333 0.6342592592592593 0.11354166666666667 0.21666666666666667
4 0.6036458333333333 0.2611111111111111 0.057291666666666664 0.0962962962962963
4 0.7901041666666666 0.05462962962962963 0.034375 0.04259259259259259
4 0.8458333333333333 0.512962962962963 0.14375 0.24074074074074076
4 0.5458333333333333 0.1388888888888889 0.035416666666666666 0.06296296296296297
4 0.8078124999999999 0.10277777777777779 0.03854166666666667 0.061111111111111116
4 0.6395833333333333 0.15 0.05 0.07777777777777778
4 0.5625 0.09537037037037037 0.029166666666666667 0.05
4 0.603125 0.075 0.029166666666666667 0.0462962962962963
4 0.6432291666666666 0.08240740740740742 0.03229166666666666 0.05
4 0.9635416666666666 0.35555555555555557 0.07083333333333333 0.12962962962962962
3 0.45625 0.48703703703703705 0.17291666666666666 0.4777777777777778