4 0.6734375 0.017592592592592594 0.019791666666666666 0.03518518518518519
4 0.6421875 0.020370370370370372 0.019791666666666666 0.022222222222222223
4 0.6864583333333333 0.037037037037037035 0.025 0.03333333333333333
4 0.7130208333333333 0.06574074074074074 0.03229166666666666 0.0462962962962963
5 0.7515625 0.12407407407407407 0.040625 0.07037037037037037
4 0.7411458333333333 0.10092592592592593 0.030208333333333334 0.04259259259259259
4 0.6203125 0.45740740740740743 0.103125 0.16296296296296298
4 0.9015624999999999 0.20925925925925926 0.065625 0.07777777777777778
4 0.8713541666666667 0.33240740740740743 0.09270833333333334 0.11296296296296297
4 0.9453125 0.287962962962963 0.07604166666666666 0.09814814814814815
3 0.4239583333333333 0.5305555555555556 0.20625 0.6537037037037037