4 0.6645833333333333 0.49444444444444446 0.1 0.1851851851851852
4 0.7473958333333334 0.037037037037037035 0.030208333333333334 0.044444444444444446
4 0.6130208333333333 0.30092592592592593 0.06770833333333333 0.11296296296296297
4 0.8265625 0.6416666666666667 0.12395833333333334 0.2351851851851852
4 0.7921875 0.037037037037037035 0.03229166666666666 0.040740740740740744
4 0.7734375 0.06296296296296297 0.034375 0.044444444444444446
5 0.6192708333333333 0.19166666666666668 0.04479166666666667 0.09814814814814815
4 0.8015625 0.08611111111111111 0.036458333333333336 0.053703703703703705
4 0.6130208333333333 0.1212962962962963 0.03854166666666667 0.0462962962962963
4 0.8624999999999999 0.0925925925925926 0.04583333333333333 0.05925925925925926
4 0.7583333333333333 0.11388888888888889 0.04583333333333333 0.06481481481481481
4 0.5380208333333333 0.07037037037037037 0.028125 0.05185185185185186
5 0.5921875 0.06296296296296297 0.03229166666666666 0.06296296296296297
4 0.6604166666666667 0.09444444444444444 0.0375 0.05555555555555556
5 0.9015624999999999 0.17407407407407408 0.071875 0.10740740740740741
4 0.5 0.1925925925925926 0.07083333333333333 0.06666666666666667
3 0.46510416666666665 0.4388888888888889 0.16145833333333334 0.43333333333333335