4 0.3723958333333333 0.6657407407407407 0.13645833333333332 0.22777777777777777
5 0.45729166666666665 0.3287037037037037 0.07916666666666666 0.1685185185185185
4 0.690625 0.8546296296296296 0.175 0.28703703703703703
4 0.6380208333333334 0.38333333333333336 0.071875 0.14444444444444446
4 0.7776041666666667 0.10648148148148148 0.040625 0.05740740740740741
4 0.5338541666666666 0.16944444444444445 0.06145833333333333 0.06481481481481481
4 0.7473958333333334 0.15462962962962964 0.051041666666666666 0.07592592592592592
4 0.6036458333333333 0.13796296296296298 0.03854166666666667 0.06481481481481481
4 0.5802083333333333 0.11851851851851852 0.03333333333333333 0.05555555555555556
4 0.6552083333333333 0.15462962962962964 0.03958333333333333 0.06851851851851852
4 0.825 0.2925925925925926 0.07708333333333334 0.10370370370370371
4 0.6447916666666667 0.09074074074074075 0.029166666666666667 0.05185185185185186
3 0.48593749999999997 0.12314814814814816 0.12395833333333334 0.16111111111111112