4 0.5973958333333333 0.075 0.021875 0.03888888888888889
5 0.21458333333333332 0.737037037037037 0.17083333333333334 0.35185185185185186
4 0.6119791666666666 0.17314814814814816 0.040625 0.061111111111111116
4 0.63125 0.29814814814814816 0.06041666666666667 0.0925925925925926
4 0.41354166666666664 0.1527777777777778 0.03125 0.053703703703703705
4 0.4765625 0.11388888888888889 0.026041666666666668 0.05
4 0.5234375 0.09074074074074075 0.02395833333333333 0.040740740740740744
4 0.6489583333333333 0.425 0.08541666666666667 0.1388888888888889
4 0.8484375 0.5990740740740741 0.140625 0.20555555555555557
4 0.5052083333333334 0.06759259259259259 0.025 0.03888888888888889
3 0.93125 0.4481481481481482 0.13541666666666666 0.40370370370370373
3 0.7557291666666667 0.31203703703703706 0.14479166666666665 0.3092592592592593
3 0.3416666666666667 0.26481481481481484 0.10833333333333334 0.23333333333333334