4 0.48802083333333335 0.12592592592592594 0.026041666666666668 0.04814814814814815
4 0.6963541666666666 0.061111111111111116 0.02395833333333333 0.03333333333333333
4 0.5598958333333334 0.41111111111111115 0.084375 0.14074074074074075
3 0.5348958333333333 0.1388888888888889 0.06354166666666666 0.14444444444444446
4 0.5760416666666667 0.12222222222222223 0.022916666666666665 0.044444444444444446
4 0.6817708333333333 0.09166666666666667 0.030208333333333334 0.04259259259259259
4 0.7270833333333333 0.09166666666666667 0.03333333333333333 0.05
4 0.621875 0.10462962962962963 0.03333333333333333 0.053703703703703705
4 0.6072916666666667 0.06574074074074074 0.027083333333333334 0.03888888888888889
4 0.5755208333333334 0.08888888888888889 0.02395833333333333 0.04814814814814815
4 0.9619791666666666 0.2574074074074074 0.06354166666666666 0.10370370370370371