4 0.471875 0.2064814814814815 0.05416666666666667 0.07592592592592592
4 0.4796875 0.4287037037037037 0.09895833333333333 0.19444444444444445
4 0.6213541666666667 0.4962962962962963 0.09895833333333333 0.2
4 0.55 0.2537037037037037 0.058333333333333334 0.1
4 0.7255208333333333 0.06944444444444445 0.034375 0.05
4 0.6416666666666666 0.30462962962962964 0.06458333333333333 0.11666666666666667
5 0.5776041666666667 0.14537037037037037 0.051041666666666666 0.11666666666666667
5 0.7729166666666667 0.05648148148148149 0.0375 0.06481481481481481
4 0.45 0.1814814814814815 0.07916666666666666 0.07037037037037037
4 0.78125 0.11388888888888889 0.04375 0.06481481481481481
4 0.7567708333333333 0.16574074074074074 0.053125 0.07592592592592592
4 0.8729166666666667 0.1712962962962963 0.06458333333333333 0.07962962962962963
4 0.6052083333333333 0.10833333333333334 0.03333333333333333 0.05740740740740741
4 0.9598958333333333 0.32592592592592595 0.078125 0.12962962962962962
3 0.4895833333333333 0.09814814814814815 0.12708333333333333 0.15185185185185185