4 0.47812499999999997 0.13518518518518519 0.03125 0.06666666666666667
5 0.7067708333333333 0.9305555555555556 0.14479166666666665 0.09814814814814815
4 0.61875 0.38333333333333336 0.07708333333333334 0.15555555555555556
4 0.6994791666666667 0.03796296296296296 0.026041666666666668 0.03888888888888889
4 0.5828125 0.225 0.051041666666666666 0.09074074074074075
4 0.5770833333333333 0.13611111111111113 0.04375 0.061111111111111116
4 0.6270833333333333 0.11944444444444445 0.041666666666666664 0.053703703703703705
5 0.503125 0.14814814814814814 0.0625 0.08888888888888889
4 0.5557291666666666 0.06574074074074074 0.030208333333333334 0.0462962962962963
4 0.8098958333333334 0.25277777777777777 0.08229166666666667 0.10925925925925926
3 0.4515625 0.47500000000000003 0.165625 0.4981481481481482