3 0.4921875 0.125 0.071875 0.22777777777777777
4 0.6375 0.4166666666666667 0.08958333333333333 0.15555555555555556
4 0.821875 0.5351851851851852 0.13541666666666666 0.2111111111111111
5 0.7239583333333334 0.2712962962962963 0.08125 0.15
4 0.6005208333333333 0.21666666666666667 0.053125 0.08888888888888889
4 0.5927083333333333 0.15 0.04375 0.07407407407407407
4 0.5666666666666667 0.08240740740740742 0.029166666666666667 0.0462962962962963
4 0.7416666666666667 0.09074074074074075 0.04375 0.05185185185185186
4 0.86875 0.13796296296296298 0.06041666666666667 0.06851851851851852
4 0.5942708333333333 0.04259259259259259 0.02395833333333333 0.040740740740740744
4 0.5442708333333334 0.03888888888888889 0.021875 0.037037037037037035
4 0.8807291666666667 0.33425925925925926 0.11145833333333333 0.1425925925925926
4 0.45989583333333334 0.11944444444444445 0.026041666666666668 0.06481481481481481
3 0.4203125 0.6574074074074074 0.28854166666666664 0.6814814814814815