4 0.6770833333333334 0.7666666666666667 0.15 0.3
4 0.6567708333333333 0.4185185185185185 0.09895833333333333 0.2
4 0.8734375 0.6129629629629629 0.15520833333333334 0.24074074074074076
4 0.6119791666666666 0.21296296296296297 0.053125 0.0925925925925926
4 0.7703125 0.04814814814814815 0.03229166666666666 0.05185185185185186
4 0.7947916666666667 0.037037037037037035 0.025 0.044444444444444446
4 0.7255208333333333 0.2425925925925926 0.06145833333333333 0.10370370370370371
5 0.5927083333333333 0.1398148148148148 0.035416666666666666 0.08703703703703704
4 0.821875 0.07314814814814816 0.0375 0.05
4 0.6276041666666666 0.1175925925925926 0.03854166666666667 0.06481481481481481
4 0.7828125 0.10277777777777779 0.040625 0.061111111111111116
4 0.6036458333333333 0.07407407407407407 0.030208333333333334 0.05185185185185186
4 0.9114583333333334 0.12962962962962962 0.05416666666666667 0.06296296296296297
4 0.8979166666666667 0.17314814814814816 0.06458333333333333 0.07592592592592592
4 0.9 0.2351851851851852 0.07291666666666667 0.1
3 0.38125 0.8787037037037038 0.3541666666666667 0.2388888888888889