5 0.6114583333333333 0.8592592592592593 0.14375 0.2777777777777778
4 0.63125 0.33425925925925926 0.07083333333333333 0.1277777777777778
4 0.6859375 0.562962962962963 0.13645833333333332 0.20740740740740743
4 0.7755208333333333 0.06759259259259259 0.03854166666666667 0.0462962962962963
4 0.7114583333333333 0.23796296296296296 0.0625 0.09814814814814815
4 0.6135416666666667 0.1537037037037037 0.04375 0.07407407407407407
4 0.8156249999999999 0.09166666666666667 0.041666666666666664 0.061111111111111116
4 0.7145833333333333 0.05740740740740741 0.03125 0.04814814814814815
4 0.8125 0.04351851851851852 0.035416666666666666 0.0462962962962963
4 0.6005208333333333 0.09907407407407408 0.034375 0.053703703703703705
4 0.6739583333333333 0.1175925925925926 0.03958333333333333 0.06481481481481481
4 0.7703125 0.12314814814814816 0.046875 0.06851851851851852
4 0.9036458333333334 0.12592592592592594 0.04895833333333333 0.06666666666666667
4 0.9171874999999999 0.19814814814814816 0.06979166666666667 0.08518518518518518
5 0.5927083333333333 0.05925925925925926 0.025 0.04814814814814815
4 0.9567708333333333 0.275 0.084375 0.10185185185185186
3 0.5223958333333333 0.17407407407407408 0.084375 0.1925925925925926