4 0.6880208333333333 0.6694444444444445 0.11979166666666667 0.2611111111111111
4 0.49583333333333335 0.47500000000000003 0.09791666666666667 0.17222222222222222
4 0.46822916666666664 0.21481481481481482 0.053125 0.07777777777777778
4 0.6515625 0.33240740740740743 0.07604166666666666 0.1685185185185185
4 0.5552083333333333 0.24814814814814815 0.06041666666666667 0.11111111111111112
4 0.6442708333333333 0.12037037037037038 0.036458333333333336 0.06296296296296297
4 0.5963541666666666 0.0925925925925926 0.028125 0.04814814814814815
4 0.753125 0.1685185185185185 0.05 0.07407407407407407
4 0.8072916666666666 0.1574074074074074 0.05 0.07407407407407407
4 0.8609375 0.12592592592592594 0.04895833333333333 0.06666666666666667
4 0.7979166666666666 0.09166666666666667 0.041666666666666664 0.05740740740740741
4 0.9604166666666667 0.08055555555555556 0.07708333333333334 0.061111111111111116
4 0.575 0.17407407407407408 0.04583333333333333 0.07037037037037037
5 0.5807291666666666 0.11111111111111112 0.036458333333333336 0.07037037037037037
4 0.853125 0.43333333333333335 0.11458333333333333 0.15925925925925927
3 0.4864583333333333 0.11851851851851852 0.125 0.15555555555555556