4 0.7125 0.7444444444444445 0.14375 0.2851851851851852
4 0.6276041666666666 0.26481481481481484 0.06354166666666666 0.10370370370370371
4 0.740625 0.04537037037037037 0.03125 0.0462962962962963
4 0.5588541666666667 0.22685185185185186 0.053125 0.08703703703703704
5 0.6083333333333333 0.17407407407407408 0.04583333333333333 0.0925925925925926
4 0.7520833333333333 0.33981481481481485 0.0875 0.13518518518518519
4 0.7958333333333333 0.05462962962962963 0.03125 0.04259259259259259
4 0.5447916666666667 0.1564814814814815 0.04583333333333333 0.06481481481481481
4 0.7088541666666667 0.20925925925925926 0.065625 0.11111111111111112
4 0.5921875 0.12222222222222223 0.042708333333333334 0.07407407407407407
5 0.6682291666666667 0.11666666666666667 0.042708333333333334 0.08148148148148149
4 0.8046875 0.09722222222222222 0.042708333333333334 0.061111111111111116
4 0.6322916666666667 0.08796296296296297 0.03333333333333333 0.061111111111111116
4 0.8859374999999999 0.10925925925925926 0.04895833333333333 0.06296296296296297
4 0.8671875 0.17685185185185187 0.06354166666666666 0.07962962962962963
4 0.6421875 0.061111111111111116 0.028125 0.040740740740740744
3 0.45989583333333334 0.5796296296296296 0.21562499999999998 0.674074074074074