4 0.6739583333333333 0.020370370370370372 0.020833333333333332 0.022222222222222223
4 0.6427083333333333 0.015740740740740743 0.020833333333333332 0.031481481481481485
4 0.6885416666666666 0.03796296296296296 0.025 0.03518518518518519
4 0.7171875 0.06851851851851852 0.034375 0.04814814814814815
5 0.7552083333333334 0.1277777777777778 0.04375 0.07407407407407407
4 0.7494791666666667 0.09351851851851853 0.03229166666666666 0.02777777777777778
4 0.6052083333333333 0.4240740740740741 0.09791666666666667 0.15185185185185185
4 0.91875 0.2240740740740741 0.06875 0.08518518518518518
4 0.9020833333333333 0.3712962962962963 0.10208333333333333 0.1277777777777778
4 0.9666666666666667 0.3138888888888889 0.06458333333333333 0.09814814814814815
3 0.4239583333333333 0.5296296296296297 0.20625 0.6518518518518519