4 0.4791666666666667 0.13148148148148148 0.029166666666666667 0.07777777777777778
5 0.6036458333333333 0.2935185185185185 0.059375 0.10185185185185186
4 0.58125 0.18888888888888888 0.04375 0.07407407407407407
4 0.790625 0.5166666666666667 0.11875 0.1851851851851852
4 0.6989583333333333 0.26944444444444443 0.07708333333333334 0.1425925925925926
4 0.7494791666666667 0.07777777777777778 0.036458333333333336 0.04814814814814815
4 0.5661458333333333 0.13518518518518519 0.03229166666666666 0.05185185185185186
4 0.5598958333333334 0.09351851851851853 0.03229166666666666 0.0462962962962963
4 0.6005208333333333 0.06481481481481481 0.030208333333333334 0.040740740740740744
5 0.4822916666666667 0.14074074074074075 0.05416666666666667 0.07407407407407407
3 0.4744791666666667 0.32037037037037036 0.11979166666666667 0.32962962962962966