4 0.4791666666666667 0.7046296296296296 0.12708333333333333 0.2425925925925926
4 0.5328125 0.4305555555555556 0.07395833333333333 0.12407407407407407
4 0.6552083333333333 0.5675925925925926 0.09166666666666666 0.17962962962962964
4 0.5463541666666667 0.2916666666666667 0.059375 0.08333333333333334
4 0.8302083333333333 0.23796296296296296 0.05416666666666667 0.07222222222222223
4 0.5859375 0.2212962962962963 0.040625 0.061111111111111116
4 0.6510416666666666 0.2712962962962963 0.04583333333333333 0.07592592592592592
4 0.5932291666666667 0.1814814814814815 0.03229166666666666 0.04814814814814815
4 0.6552083333333333 0.17777777777777778 0.0375 0.06296296296296297
4 0.6067708333333334 0.15555555555555556 0.030208333333333334 0.04814814814814815
3 0.49114583333333334 0.18703703703703706 0.12604166666666666 0.15925925925925927