4 0.47291666666666665 0.18425925925925926 0.06041666666666667 0.07592592592592592
5 0.6354166666666666 0.3842592592592593 0.09375 0.19814814814814816
4 0.6692708333333334 0.737037037037037 0.128125 0.26296296296296295
4 0.6104166666666666 0.28055555555555556 0.06041666666666667 0.09814814814814815
4 0.9098958333333333 0.6620370370370371 0.178125 0.31666666666666665
4 0.5453125 0.14444444444444446 0.036458333333333336 0.06296296296296297
4 0.7989583333333333 0.08888888888888889 0.0375 0.05925925925925926
4 0.6505208333333333 0.16944444444444445 0.05520833333333333 0.08703703703703704
4 0.5640625 0.10092592592592593 0.028125 0.0462962962962963
4 0.6057291666666667 0.08148148148148149 0.030208333333333334 0.04814814814814815
4 0.6463541666666667 0.09351851851851853 0.034375 0.053703703703703705
4 0.9166666666666666 0.2777777777777778 0.08333333333333333 0.10740740740740741
3 0.45260416666666664 0.47962962962962963 0.17604166666666665 0.4703703703703704