4 0.7661458333333333 0.10833333333333334 0.026041666666666668 0.04259259259259259
4 0.7010416666666667 0.0925925925925926 0.027083333333333334 0.037037037037037035
4 0.6744791666666666 0.7972222222222223 0.13645833333333332 0.29074074074074074
4 0.7557291666666667 0.5388888888888889 0.11354166666666667 0.1814814814814815
4 0.8781249999999999 0.18703703703703706 0.04791666666666666 0.05925925925925926
4 0.6859375 0.32037037037037036 0.06354166666666666 0.10740740740740741
4 0.5854166666666667 0.1962962962962963 0.041666666666666664 0.07407407407407407
4 0.5229166666666667 0.18611111111111112 0.035416666666666666 0.07222222222222223
4 0.6520833333333333 0.18333333333333335 0.03958333333333333 0.06296296296296297
5 0.5786458333333333 0.11574074074074074 0.026041666666666668 0.061111111111111116
3 0.8052083333333333 0.10092592592592593 0.08125 0.1388888888888889