4 0.5067708333333333 0.17777777777777778 0.036458333333333336 0.07037037037037037
4 0.6020833333333333 0.2916666666666667 0.06458333333333333 0.10925925925925926
5 0.5270833333333333 0.22777777777777777 0.05416666666666667 0.11851851851851852
4 0.5770833333333333 0.18333333333333335 0.052083333333333336 0.07777777777777778
4 0.6625 0.05092592592592593 0.03125 0.0462962962962963
4 0.6447916666666667 0.17685185185185187 0.0625 0.09444444444444444
4 0.7963541666666667 0.6888888888888889 0.15520833333333334 0.3037037037037037
4 0.7197916666666666 0.07685185185185185 0.04375 0.05
4 0.5760416666666667 0.07962962962962963 0.03333333333333333 0.05555555555555556
3 0.515625 0.0462962962962963 0.03958333333333333 0.0925925925925926
4 0.8302083333333333 0.15 0.06041666666666667 0.07777777777777778
4 0.5546875 0.04351851851851852 0.021875 0.03888888888888889
4 0.5979166666666667 0.03981481481481482 0.025 0.031481481481481485
3 0.45260416666666664 0.4712962962962963 0.17395833333333333 0.512962962962963