4 0.471875 0.20370370370370372 0.05416666666666667 0.07407407407407407
4 0.4786458333333333 0.6037037037037037 0.11979166666666667 0.22962962962962963
4 0.5453125 0.2101851851851852 0.05520833333333333 0.09814814814814815
4 0.6135416666666667 0.3703703703703704 0.08333333333333333 0.14814814814814814
4 0.64375 0.20370370370370372 0.052083333333333336 0.08888888888888889
4 0.5807291666666666 0.14444444444444446 0.042708333333333334 0.07037037037037037
4 0.8145833333333333 0.12685185185185185 0.05 0.06851851851851852
4 0.778125 0.18796296296296297 0.058333333333333334 0.08333333333333334
4 0.6473958333333333 0.13703703703703704 0.040625 0.06666666666666667
5 0.5953125 0.08611111111111111 0.03854166666666667 0.09074074074074075
5 0.8635416666666667 0.17407407407407408 0.06666666666666667 0.11851851851851852
4 0.4317708333333333 0.1787037037037037 0.078125 0.07222222222222223
4 0.9020833333333333 0.31574074074074077 0.08958333333333333 0.12037037037037038
4 0.93125 0.5638888888888889 0.13541666666666666 0.20925925925925926
3 0.4895833333333333 0.10185185185185186 0.12708333333333333 0.15555555555555556