4 0.3307291666666667 0.2240740740740741 0.05520833333333333 0.07037037037037037
4 0.4140625 0.26481481481481484 0.05520833333333333 0.08518518518518518
4 0.4984375 0.24444444444444446 0.051041666666666666 0.08888888888888889
4 0.615625 0.13148148148148148 0.020833333333333332 0.040740740740740744
4 0.725 0.23240740740740742 0.052083333333333336 0.06851851851851852
4 0.4895833333333333 0.11944444444444445 0.03333333333333333 0.05
4 0.61875 0.25092592592592594 0.05416666666666667 0.09074074074074075
4 0.5135416666666667 0.1638888888888889 0.035416666666666666 0.061111111111111116
5 0.46875 0.09537037037037037 0.03125 0.05740740740740741
4 0.7380208333333333 0.33981481481481485 0.078125 0.12407407407407407
4 0.6328125 0.33796296296296297 0.07395833333333333 0.1277777777777778
4 0.5265625 0.12037037037037038 0.028125 0.04814814814814815
4 0.8557291666666667 0.5620370370370371 0.14479166666666665 0.20555555555555557
3 0.8624999999999999 0.2898148148148148 0.17083333333333334 0.2537037037037037
3 0.6598958333333333 0.15092592592592594 0.07395833333333333 0.1537037037037037