4 0.7640625 0.10277777777777779 0.026041666666666668 0.03888888888888889
4 0.7 0.08796296296296297 0.027083333333333334 0.03518518518518519
4 0.684375 0.8435185185185186 0.15 0.27222222222222225
4 0.7744791666666666 0.5750000000000001 0.121875 0.19814814814814816
4 0.875 0.18333333333333335 0.04791666666666666 0.05925925925925926
4 0.6916666666666667 0.33425925925925926 0.06666666666666667 0.11296296296296297
4 0.5854166666666667 0.2 0.041666666666666664 0.07777777777777778
4 0.521875 0.19074074074074074 0.0375 0.07407407407407407
4 0.6546875 0.18888888888888888 0.040625 0.06666666666666667
5 0.578125 0.11666666666666667 0.027083333333333334 0.06296296296296297
5 0.5760416666666667 0.0787037037037037 0.022916666666666665 0.0462962962962963
3 0.8020833333333334 0.1 0.08125 0.13703703703703704