5 0.6791666666666667 0.019444444444444445 0.01875 0.03888888888888889
4 0.6630208333333333 0.016666666666666666 0.019791666666666666 0.03333333333333333
4 0.7244791666666667 0.036111111111111115 0.026041666666666668 0.03518518518518519
4 0.6729166666666666 0.05185185185185186 0.025 0.037037037037037035
4 0.6989583333333333 0.0462962962962963 0.025 0.037037037037037035
4 0.7348958333333333 0.08981481481481482 0.034375 0.05
4 0.8130208333333333 0.1425925925925926 0.04895833333333333 0.05925925925925926
4 0.8015625 0.17314814814814816 0.051041666666666666 0.07962962962962963
4 0.5661458333333333 0.04166666666666667 0.019791666666666666 0.03888888888888889
4 0.5921875 0.015740740740740743 0.019791666666666666 0.031481481481481485
3 0.4083333333333333 0.6101851851851852 0.24166666666666667 0.7388888888888889