4 0.6921875 0.026851851851851852 0.019791666666666666 0.024074074074074074
4 0.7036458333333333 0.04166666666666667 0.019791666666666666 0.031481481481481485
4 0.20833333333333334 0.4240740740740741 0.10625 0.13333333333333333
4 0.7411458333333333 0.018518518518518517 0.02395833333333333 0.02592592592592593
4 0.7145833333333333 0.020370370370370372 0.01875 0.040740740740740744
4 0.7328125 0.049074074074074076 0.026041666666666668 0.024074074074074074
4 0.7359375 0.03518518518518519 0.021875 0.02592592592592593
4 0.3411458333333333 0.2777777777777778 0.06979166666666667 0.0925925925925926
4 0.7302083333333333 0.0787037037037037 0.029166666666666667 0.04259259259259259
4 0.775 0.06296296296296297 0.027083333333333334 0.037037037037037035
4 0.7630208333333334 0.09444444444444444 0.03229166666666666 0.04814814814814815
5 0.6833333333333333 0.06759259259259259 0.029166666666666667 0.05
4 0.8682291666666666 0.9305555555555556 0.17604166666666665 0.13518518518518519
4 0.8072916666666666 0.08333333333333334 0.03958333333333333 0.05555555555555556
4 0.6364583333333333 0.10648148148148148 0.03125 0.05
4 0.5963541666666666 0.0787037037037037 0.02395833333333333 0.03888888888888889
4 0.7885416666666667 0.1287037037037037 0.041666666666666664 0.053703703703703705
4 0.8567708333333334 0.14444444444444446 0.053125 0.04814814814814815
4 0.8588541666666667 0.1787037037037037 0.057291666666666664 0.06481481481481481
4 0.9041666666666667 0.13240740740740742 0.06666666666666667 0.07222222222222223
4 0.5859375 0.03333333333333333 0.019791666666666666 0.02962962962962963
4 0.6109375 0.018518518518518517 0.017708333333333333 0.037037037037037035
4 0.5473958333333333 0.02592592592592593 0.017708333333333333 0.02592592592592593
3 0.5447916666666667 0.12407407407407407 0.058333333333333334 0.14444444444444446