4 0.33177083333333335 0.22777777777777777 0.04895833333333333 0.07407407407407407
4 0.6703125 0.10370370370370371 0.028125 0.04814814814814815
4 0.4921875 0.2657407407407408 0.059375 0.11296296296296297
4 0.5796875 0.11296296296296297 0.030208333333333334 0.044444444444444446
5 0.39739583333333334 0.23148148148148148 0.059375 0.12592592592592594
4 0.6546875 0.15833333333333333 0.03854166666666667 0.06481481481481481
4 0.584375 0.14166666666666666 0.035416666666666666 0.061111111111111116
4 0.4661458333333333 0.5194444444444445 0.090625 0.19074074074074074
4 0.7182291666666667 0.23981481481481481 0.059375 0.07592592592592592
4 0.7307291666666667 0.2990740740740741 0.07604166666666666 0.11666666666666667
4 0.4666666666666667 0.16944444444444445 0.0375 0.05740740740740741
4 0.42343749999999997 0.1574074074074074 0.034375 0.05185185185185186
4 0.5177083333333333 0.1212962962962963 0.027083333333333334 0.0462962962962963
4 0.8145833333333333 0.4851851851851852 0.10833333333333334 0.15185185185185185
4 0.459375 0.10277777777777779 0.027083333333333334 0.03888888888888889
4 0.496875 0.07962962962962963 0.020833333333333332 0.03333333333333333
4 0.5317708333333333 0.08981481481481482 0.021875 0.03518518518518519
3 0.7328125 0.1462962962962963 0.08229166666666667 0.13333333333333333
3 0.6291666666666667 0.09907407407407408 0.04583333333333333 0.10925925925925926