4 0.5083333333333333 0.5481481481481482 0.10416666666666667 0.1814814814814815
4 0.5494791666666666 0.33796296296296297 0.06145833333333333 0.10185185185185186
4 0.47812499999999997 0.3148148148148148 0.058333333333333334 0.08518518518518518
4 0.659375 0.39537037037037037 0.07083333333333333 0.1277777777777778
4 0.5744791666666667 0.23796296296296296 0.04479166666666667 0.07222222222222223
4 0.6421875 0.24166666666666667 0.04479166666666667 0.07222222222222223
4 0.5963541666666666 0.1814814814814815 0.036458333333333336 0.06296296296296297
4 0.9322916666666666 0.3611111111111111 0.09375 0.11111111111111112
4 0.5979166666666667 0.14444444444444446 0.03125 0.04814814814814815
4 0.6458333333333334 0.1398148148148148 0.027083333333333334 0.05
3 0.48802083333333335 0.17685185185185187 0.13020833333333334 0.1537037037037037