4 0.5963541666666666 0.09537037037037037 0.026041666666666668 0.03888888888888889
5 0.4276041666666667 0.2611111111111111 0.05520833333333333 0.12222222222222223
4 0.6229166666666667 0.27222222222222225 0.05625 0.08888888888888889
4 0.6677083333333333 0.5064814814814815 0.10208333333333333 0.1574074074074074
4 0.4375 0.11944444444444445 0.022916666666666665 0.0462962962962963
4 0.48802083333333335 0.08703703703703704 0.021875 0.044444444444444446
4 0.5270833333333333 0.06574074074074074 0.01875 0.02777777777777778
4 0.7546875 0.8481481481481482 0.19270833333333334 0.2518518518518519
3 0.9338541666666667 0.4416666666666667 0.13020833333333334 0.37962962962962965
3 0.8338541666666667 0.4527777777777778 0.23229166666666667 0.46111111111111114
3 0.3921875 0.17407407407407408 0.071875 0.15185185185185185