4 0.5098958333333333 0.19907407407407407 0.040625 0.07222222222222223
4 0.6333333333333333 0.48888888888888893 0.09166666666666666 0.17777777777777778
5 0.5677083333333334 0.28240740740740744 0.08333333333333333 0.13518518518518519
4 0.590625 0.22962962962962963 0.052083333333333336 0.08888888888888889
4 0.6432291666666666 0.03518518518518519 0.026041666666666668 0.03333333333333333
4 0.734375 0.36203703703703705 0.09583333333333333 0.16481481481481483
4 0.6901041666666666 0.04537037037037037 0.030208333333333334 0.03518518518518519
4 0.6098958333333333 0.13240740740740742 0.04479166666666667 0.07222222222222223
3 0.5119791666666667 0.05462962962962963 0.042708333333333334 0.10925925925925926
4 0.7526041666666666 0.07777777777777778 0.03854166666666667 0.05185185185185186
4 0.5609375 0.06851851851851852 0.02395833333333333 0.040740740740740744
4 0.6140625 0.08240740740740742 0.030208333333333334 0.04259259259259259
4 0.8234374999999999 0.2555555555555556 0.08229166666666667 0.10370370370370371
4 0.5807291666666666 0.05277777777777778 0.02395833333333333 0.04259259259259259
3 0.453125 0.4703703703703704 0.16875 0.5148148148148148