4 0.6984375 0.049074074074074076 0.019791666666666666 0.03518518518518519
4 0.7098958333333333 0.05925925925925926 0.02395833333333333 0.037037037037037035
4 0.4515625 0.21944444444444444 0.08229166666666667 0.07962962962962963
4 0.7348958333333333 0.06851851851851852 0.02395833333333333 0.037037037037037035
4 0.7604166666666666 0.05648148148148149 0.022916666666666665 0.024074074074074074
4 0.7395833333333334 0.03888888888888889 0.020833333333333332 0.022222222222222223
4 0.7760416666666666 0.025 0.022916666666666665 0.024074074074074074
4 0.7760416666666666 0.0712962962962963 0.025 0.05
4 0.7635416666666667 0.0962962962962963 0.03125 0.04814814814814815
4 0.7484375 0.08240740740740742 0.019791666666666666 0.02777777777777778
4 0.5973958333333333 0.22870370370370371 0.042708333333333334 0.08703703703703704
4 0.5520833333333334 0.12222222222222223 0.027083333333333334 0.05555555555555556
4 0.6515625 0.17592592592592593 0.040625 0.07037037037037037
4 0.7390625 0.12222222222222223 0.03229166666666666 0.04814814814814815
4 0.7963541666666667 0.125 0.036458333333333336 0.04259259259259259
4 0.6260416666666666 0.11018518518518519 0.03333333333333333 0.053703703703703705
4 0.8239583333333333 0.15925925925925927 0.04791666666666666 0.06666666666666667
5 0.7713541666666667 0.18333333333333335 0.05520833333333333 0.08888888888888889
4 0.6177083333333333 0.05925925925925926 0.022916666666666665 0.037037037037037035
4 0.9718749999999999 0.3509259259259259 0.05416666666666667 0.13148148148148148
3 0.5447916666666667 0.03333333333333333 0.029166666666666667 0.06666666666666667