4 0.6963541666666666 0.0462962962962963 0.019791666666666666 0.02592592592592593
4 0.7078125 0.05648148148148149 0.021875 0.031481481481481485
4 0.24375 0.3851851851851852 0.09375 0.11851851851851852
4 0.7333333333333333 0.02314814814814815 0.020833333333333332 0.02777777777777778
4 0.7276041666666666 0.036111111111111115 0.021875 0.03888888888888889
4 0.7395833333333334 0.07777777777777778 0.029166666666666667 0.044444444444444446
4 0.7510416666666666 0.05648148148148149 0.020833333333333332 0.03518518518518519
4 0.3770833333333333 0.26203703703703707 0.07916666666666666 0.07962962962962963
4 0.7322916666666667 0.09166666666666667 0.029166666666666667 0.04259259259259259
4 0.7833333333333333 0.08333333333333334 0.029166666666666667 0.044444444444444446
4 0.7677083333333333 0.11018518518518519 0.03333333333333333 0.05
5 0.6916666666666667 0.09166666666666667 0.03333333333333333 0.053703703703703705
4 0.7359375 0.4537037037037037 0.090625 0.15185185185185185
4 0.8203125 0.10740740740740741 0.03854166666666667 0.05555555555555556
4 0.61875 0.08703703703703704 0.027083333333333334 0.044444444444444446
4 0.5947916666666666 0.06759259259259259 0.022916666666666665 0.03888888888888889
4 0.809375 0.16203703703703703 0.04583333333333333 0.061111111111111116
4 0.8885416666666667 0.1814814814814815 0.05416666666666667 0.06296296296296297
4 0.9093749999999999 0.23703703703703705 0.06875 0.08148148148148149
4 0.9354166666666667 0.15 0.075 0.06666666666666667
4 0.584375 0.037037037037037035 0.01875 0.02962962962962963
4 0.60625 0.024074074074074074 0.01875 0.02962962962962963
3 0.5536458333333333 0.11018518518518519 0.046875 0.12407407407407407