4 0.33177083333333335 0.22314814814814815 0.04895833333333333 0.06481481481481481
4 0.325 0.4814814814814815 0.09166666666666666 0.15925925925925927
4 0.45 0.5425925925925926 0.10208333333333333 0.1814814814814815
4 0.7203125 0.16203703703703703 0.042708333333333334 0.061111111111111116
4 0.4828125 0.15 0.03854166666666667 0.06666666666666667
4 0.5953125 0.17407407407407408 0.040625 0.06666666666666667
4 0.49635416666666665 0.27685185185185185 0.051041666666666666 0.10185185185185186
5 0.4427083333333333 0.1287037037037037 0.03958333333333333 0.07962962962962963
4 0.6885416666666666 0.23611111111111113 0.05416666666666667 0.09074074074074075
4 0.6057291666666667 0.2212962962962963 0.053125 0.08333333333333334
4 0.5151041666666667 0.1851851851851852 0.03854166666666667 0.07037037037037037
4 0.7760416666666666 0.3685185185185185 0.0875 0.13333333333333333
4 0.8427083333333333 0.5314814814814816 0.14166666666666666 0.21481481481481482
4 0.48854166666666665 0.09907407407407408 0.025 0.03518518518518519
3 0.8026041666666667 0.22222222222222224 0.12395833333333334 0.1962962962962963
3 0.6421875 0.1277777777777778 0.065625 0.13703703703703704