4 0.4734375 0.22314814814814815 0.053125 0.07962962962962963
4 0.5338541666666666 0.36388888888888893 0.078125 0.13518518518518519
4 0.565625 0.22037037037037038 0.05416666666666667 0.08518518518518518
4 0.7171875 0.06574074074074074 0.030208333333333334 0.0462962962962963
4 0.6588541666666666 0.23703703703703705 0.053125 0.0925925925925926
4 0.8609375 0.12407407407407407 0.046875 0.05925925925925926
4 0.584375 0.1462962962962963 0.03958333333333333 0.07407407407407407
4 0.64375 0.1574074074074074 0.04375 0.0925925925925926
4 0.8651041666666667 0.1675925925925926 0.06145833333333333 0.07592592592592592
4 0.9239583333333333 0.5361111111111111 0.125 0.19074074074074074
4 0.9578125 0.4027777777777778 0.08229166666666667 0.13518518518518519
4 0.9661458333333334 0.25092592592592594 0.065625 0.09814814814814815
4 0.6380208333333334 0.07314814814814816 0.028125 0.0462962962962963
4 0.6 0.07962962962962963 0.027083333333333334 0.040740740740740744
3 0.4901041666666667 0.1212962962962963 0.12395833333333334 0.1574074074074074