4 0.5072916666666667 0.17685185185185187 0.03958333333333333 0.07222222222222223
4 0.6072916666666667 0.32222222222222224 0.06458333333333333 0.12222222222222223
5 0.534375 0.23148148148148148 0.06666666666666667 0.12592592592592594
4 0.5802083333333333 0.1851851851851852 0.04791666666666666 0.07407407407407407
4 0.65625 0.03981481481481482 0.029166666666666667 0.03888888888888889
4 0.665625 0.20555555555555557 0.06666666666666667 0.11111111111111112
4 0.709375 0.058333333333333334 0.03333333333333333 0.04259259259259259
4 0.5828125 0.08240740740740742 0.034375 0.05740740740740741
3 0.5151041666666667 0.049074074074074076 0.040625 0.09814814814814815
4 0.8026041666666667 0.11203703703703705 0.046875 0.061111111111111116
4 0.5546875 0.040740740740740744 0.021875 0.040740740740740744
4 0.6015625 0.044444444444444446 0.028125 0.040740740740740744
3 0.4515625 0.4712962962962963 0.171875 0.512962962962963