4 0.7479166666666667 0.8601851851851852 0.18541666666666667 0.27592592592592596
4 0.6723958333333333 0.5407407407407407 0.11562499999999999 0.20370370370370372
5 0.6536458333333334 0.32407407407407407 0.078125 0.17777777777777778
4 0.5895833333333333 0.27592592592592596 0.06666666666666667 0.11111111111111112
4 0.6234375 0.19166666666666668 0.057291666666666664 0.09074074074074075
5 0.8151041666666666 0.4166666666666667 0.10729166666666666 0.22222222222222224
4 0.7338541666666667 0.23981481481481481 0.06770833333333333 0.11666666666666667
4 0.7921875 0.021296296296296296 0.030208333333333334 0.04259259259259259
4 0.7515625 0.036111111111111115 0.03229166666666666 0.04259259259259259
4 0.7046875 0.18055555555555555 0.057291666666666664 0.08333333333333334
4 0.6057291666666667 0.11111111111111112 0.040625 0.06666666666666667
4 0.8067708333333333 0.08333333333333334 0.042708333333333334 0.05185185185185186
4 0.8255208333333334 0.13703703703703704 0.05520833333333333 0.08148148148148149
4 0.890625 0.11574074074074074 0.04791666666666666 0.06851851851851852
4 0.6625 0.07592592592592592 0.035416666666666666 0.05555555555555556
5 0.58125 0.058333333333333334 0.027083333333333334 0.05740740740740741
4 0.9380208333333333 0.18888888888888888 0.071875 0.08518518518518518
4 0.603125 0.044444444444444446 0.03125 0.044444444444444446
3 0.44687499999999997 0.6268518518518519 0.24583333333333332 0.7055555555555556