4 0.68125 0.575925925925926 0.11458333333333333 0.2111111111111111
4 0.61875 0.24629629629629632 0.058333333333333334 0.1
4 0.9145833333333333 0.8222222222222223 0.16875 0.3074074074074074
4 0.7447916666666666 0.058333333333333334 0.03333333333333333 0.0462962962962963
4 0.5546875 0.21481481481481482 0.04895833333333333 0.08148148148148149
5 0.6067708333333334 0.1638888888888889 0.042708333333333334 0.07962962962962963
4 0.7302083333333333 0.28703703703703703 0.075 0.11111111111111112
4 0.8015625 0.07314814814814816 0.034375 0.05
4 0.5395833333333333 0.1527777777777778 0.04375 0.06481481481481481
4 0.6921875 0.18333333333333335 0.059375 0.0925925925925926
4 0.5848958333333333 0.1175925925925926 0.040625 0.07222222222222223
5 0.6619791666666667 0.11018518518518519 0.036458333333333336 0.07592592592592592
4 0.8171875 0.12037037037037038 0.04895833333333333 0.06666666666666667
4 0.625 0.08240740740740742 0.03125 0.053703703703703705
4 0.9 0.12962962962962962 0.052083333333333336 0.06666666666666667
4 0.8958333333333334 0.21481481481481482 0.07083333333333333 0.08148148148148149
4 0.6385416666666667 0.05925925925925926 0.025 0.037037037037037035
3 0.45729166666666665 0.5842592592592593 0.21875 0.6796296296296297