4 0.46875 0.20925925925925926 0.05416666666666667 0.07777777777777778
4 0.5677083333333334 0.2240740740740741 0.052083333333333336 0.08888888888888889
5 0.5015625 0.4462962962962963 0.084375 0.22222222222222224
4 0.6567708333333333 0.3287037037037037 0.06979166666666667 0.1277777777777778
4 0.7677083333333333 0.07037037037037037 0.035416666666666666 0.05185185185185186
4 0.7354166666666666 0.10925925925925926 0.03958333333333333 0.06296296296296297
4 0.5697916666666667 0.13240740740740742 0.041666666666666664 0.07592592592592592
4 0.646875 0.14907407407407408 0.041666666666666664 0.07222222222222223
4 0.8072916666666666 0.12314814814814816 0.04583333333333333 0.06481481481481481
4 0.6463541666666667 0.09722222222222222 0.036458333333333336 0.061111111111111116
4 0.5963541666666666 0.0962962962962963 0.036458333333333336 0.05925925925925926
3 0.48802083333333335 0.11018518518518519 0.12604166666666666 0.1537037037037037