4 0.7109375 0.7407407407407408 0.15104166666666666 0.2851851851851852
5 0.665625 0.3990740740740741 0.08958333333333333 0.21296296296296297
4 0.5984375 0.31666666666666665 0.06979166666666667 0.12222222222222223
4 0.6255208333333333 0.22777777777777777 0.06354166666666666 0.11851851851851852
5 0.8963541666666667 0.6111111111111112 0.15104166666666666 0.32592592592592595
4 0.7645833333333333 0.3148148148148148 0.08125 0.14444444444444446
4 0.7390625 0.02314814814814815 0.030208333333333334 0.0462962962962963
4 0.7234375 0.22685185185185186 0.06770833333333333 0.09444444444444444
4 0.6067708333333334 0.13611111111111113 0.04479166666666667 0.07222222222222223
4 0.7817708333333333 0.06759259259259259 0.036458333333333336 0.0462962962962963
4 0.8041666666666667 0.10740740740740741 0.04791666666666666 0.07037037037037037
4 0.8671875 0.09351851851851853 0.04479166666666667 0.05740740740740741
4 0.6713541666666667 0.1 0.040625 0.06296296296296297
5 0.5833333333333334 0.07777777777777778 0.029166666666666667 0.06296296296296297
4 0.896875 0.15185185185185185 0.06041666666666667 0.07407407407407407
4 0.6052083333333333 0.062037037037037036 0.029166666666666667 0.05
4 0.9093749999999999 0.2953703703703704 0.0875 0.11666666666666667
4 0.5984375 0.022222222222222223 0.02395833333333333 0.044444444444444446
3 0.4223958333333333 0.65 0.29270833333333335 0.6962962962962963