4 0.6796875 0.5287037037037037 0.11145833333333333 0.20555555555555557
4 0.6177083333333333 0.3787037037037037 0.08958333333333333 0.1425925925925926
5 0.6333333333333333 0.2564814814814815 0.06875 0.15
4 0.5708333333333333 0.22777777777777777 0.05625 0.08888888888888889
4 0.9166666666666666 0.775 0.16458333333333333 0.40925925925925927
4 0.6161458333333333 0.1638888888888889 0.04895833333333333 0.07592592592592592
5 0.7411458333333333 0.2564814814814815 0.071875 0.1462962962962963
4 0.6927083333333334 0.16666666666666669 0.052083333333333336 0.08888888888888889
4 0.8135416666666666 0.04351851851851852 0.0375 0.05
4 0.7755208333333333 0.06296296296296297 0.03854166666666667 0.05185185185185186
4 0.6760416666666667 0.12407407407407407 0.04375 0.06296296296296297
4 0.6 0.08333333333333334 0.035416666666666666 0.05925925925925926
4 0.8505208333333333 0.1277777777777778 0.053125 0.06666666666666667
4 0.8729166666666667 0.21666666666666667 0.075 0.11111111111111112
4 0.9291666666666667 0.17777777777777778 0.05416666666666667 0.08888888888888889
4 0.6453125 0.04259259259259259 0.028125 0.04814814814814815
5 0.5739583333333333 0.03888888888888889 0.027083333333333334 0.05185185185185186
3 0.45625 0.5916666666666667 0.22291666666666665 0.712962962962963