5 0.3520833333333333 0.25833333333333336 0.12083333333333333 0.09444444444444444
4 0.6072916666666667 0.500925925925926 0.08125 0.1462962962962963
5 0.5864583333333333 0.27037037037037037 0.041666666666666664 0.11111111111111112
4 0.6755208333333333 0.27037037037037037 0.053125 0.08148148148148149
4 0.8489583333333334 0.2657407407407408 0.05625 0.07222222222222223
4 0.8026041666666667 0.16296296296296298 0.03854166666666667 0.04814814814814815
4 0.7994791666666666 0.18981481481481483 0.051041666666666666 0.053703703703703705
4 0.7557291666666667 0.1712962962962963 0.03854166666666667 0.0462962962962963
4 0.7578125 0.13518518518518519 0.03229166666666666 0.044444444444444446
4 0.7307291666666667 0.14722222222222223 0.034375 0.04259259259259259
5 0.7098958333333333 0.1212962962962963 0.028125 0.05
4 0.6942708333333333 0.11481481481481481 0.026041666666666668 0.040740740740740744
4 0.8645833333333334 0.3101851851851852 0.06666666666666667 0.08703703703703704
4 0.6307291666666667 0.18611111111111112 0.034375 0.053703703703703705
4 0.5708333333333333 0.1675925925925926 0.03125 0.05
4 0.6020833333333333 0.13240740740740742 0.027083333333333334 0.04259259259259259
4 0.5354166666666667 0.12685185185185185 0.022916666666666665 0.03888888888888889
3 0.9020833333333333 0.20185185185185187 0.11666666666666667 0.15925925925925927