5 0.6755208333333333 0.8981481481481481 0.14479166666666665 0.2
4 0.8083333333333333 0.20555555555555557 0.03958333333333333 0.05185185185185186
4 0.7447916666666666 0.11574074074074074 0.027083333333333334 0.03518518518518519
4 0.759375 0.13611111111111113 0.03125 0.04259259259259259
4 0.7239583333333334 0.13796296296296298 0.029166666666666667 0.03888888888888889
4 0.7046875 0.12222222222222223 0.026041666666666668 0.037037037037037035
4 0.8 0.23611111111111113 0.05416666666666667 0.06851851851851852
4 0.7703125 0.5092592592592593 0.09479166666666666 0.15555555555555556
4 0.5958333333333333 0.35000000000000003 0.058333333333333334 0.10370370370370371
4 0.596875 0.2611111111111111 0.04791666666666666 0.07407407407407407
4 0.5296875 0.22592592592592595 0.036458333333333336 0.06666666666666667
4 0.5796875 0.18703703703703706 0.03229166666666666 0.05185185185185186
4 0.5744791666666667 0.16018518518518518 0.028125 0.0462962962962963
4 0.9718749999999999 0.362962962962963 0.052083333333333336 0.0962962962962963
3 0.8145833333333333 0.15092592592592594 0.07708333333333334 0.12037037037037038
3 0.934375 0.20833333333333334 0.12916666666666665 0.21666666666666667