4 0.46979166666666666 0.22314814814814815 0.05416666666666667 0.08333333333333334
4 0.3723958333333333 0.762962962962963 0.18229166666666666 0.35185185185185186
4 0.6526041666666667 0.26851851851851855 0.059375 0.10740740740740741
4 0.5927083333333333 0.1277777777777778 0.035416666666666666 0.05925925925925926
4 0.7114583333333333 0.06944444444444445 0.029166666666666667 0.05
4 0.7567708333333333 0.07222222222222223 0.034375 0.04814814814814815
4 0.8 0.062037037037037036 0.03333333333333333 0.05
4 0.5104166666666666 0.3888888888888889 0.0875 0.15185185185185185
5 0.5604166666666667 0.17407407407407408 0.041666666666666664 0.0962962962962963
4 0.74375 0.1685185185185185 0.052083333333333336 0.07407407407407407
4 0.6489583333333333 0.11944444444444445 0.0375 0.061111111111111116
4 0.8854166666666666 0.2351851851851852 0.07083333333333333 0.08888888888888889
4 0.8536458333333333 0.37777777777777777 0.09479166666666666 0.13703703703703704
4 0.5640625 0.10185185185185186 0.036458333333333336 0.05925925925925926
4 0.6197916666666666 0.08796296296296297 0.035416666666666666 0.05
3 0.4895833333333333 0.11666666666666667 0.12916666666666665 0.15925925925925927