5 0.6140625 0.7972222222222223 0.12604166666666666 0.3648148148148148
4 0.6302083333333334 0.3111111111111111 0.06666666666666667 0.11851851851851852
4 0.7380208333333333 0.037037037037037035 0.028125 0.040740740740740744
4 0.6583333333333333 0.5064814814814815 0.125 0.18333333333333335
4 0.78125 0.07685185185185185 0.03958333333333333 0.05
4 0.7036458333333333 0.22222222222222224 0.059375 0.0925925925925926
4 0.6125 0.14444444444444446 0.04375 0.07037037037037037
4 0.8229166666666666 0.09814814814814815 0.04375 0.06296296296296297
4 0.7213541666666666 0.06851851851851852 0.034375 0.05185185185185186
4 0.8197916666666667 0.05185185185185186 0.035416666666666666 0.044444444444444446
4 0.6005208333333333 0.0962962962962963 0.034375 0.05555555555555556
4 0.6692708333333334 0.11018518518518519 0.036458333333333336 0.061111111111111116
4 0.7921875 0.14537037037037037 0.053125 0.07222222222222223
4 0.9145833333333333 0.13703703703703704 0.052083333333333336 0.06666666666666667
4 0.9380208333333333 0.22314814814814815 0.07604166666666666 0.09074074074074075
5 0.5927083333333333 0.05555555555555556 0.025 0.04814814814814815
4 0.9661458333333334 0.30833333333333335 0.065625 0.10925925925925926
3 0.5255208333333333 0.16481481481481483 0.07395833333333333 0.18888888888888888