4 0.6984375 0.05185185185185186 0.021875 0.037037037037037035
4 0.7114583333333333 0.061111111111111116 0.022916666666666665 0.037037037037037035
4 0.4666666666666667 0.2138888888888889 0.07916666666666666 0.07592592592592592
4 0.7364583333333333 0.06759259259259259 0.022916666666666665 0.03518518518518519
4 0.7604166666666666 0.05648148148148149 0.022916666666666665 0.024074074074074074
4 0.74375 0.03981481481481482 0.01875 0.020370370370370372
4 0.78125 0.02962962962962963 0.020833333333333332 0.02962962962962963
4 0.7755208333333333 0.07222222222222223 0.026041666666666668 0.04814814814814815
4 0.7671875 0.09814814814814815 0.030208333333333334 0.04814814814814815
4 0.7489583333333333 0.08703703703703704 0.025 0.037037037037037035
4 0.5994791666666667 0.21574074074074076 0.040625 0.08333333333333334
4 0.55625 0.11574074074074074 0.025 0.053703703703703705
4 0.6453125 0.16203703703703703 0.03854166666666667 0.06481481481481481
4 0.7421875 0.12685185185185185 0.034375 0.05
4 0.8010416666666667 0.12962962962962962 0.03958333333333333 0.040740740740740744
4 0.6223958333333334 0.10092592592592593 0.03229166666666666 0.05
4 0.834375 0.1685185185185185 0.04375 0.07037037037037037
5 0.78125 0.19166666666666668 0.05625 0.09074074074074075
4 0.6166666666666667 0.05555555555555556 0.022916666666666665 0.040740740740740744
3 0.54375 0.031481481481481485 0.027083333333333334 0.06296296296296297