4 0.6322916666666667 0.3490740740740741 0.07291666666666667 0.13518518518518519
4 0.7020833333333333 0.5972222222222222 0.14583333333333334 0.22037037037037038
4 0.7729166666666667 0.06481481481481481 0.0375 0.04814814814814815
4 0.7161458333333334 0.24722222222222223 0.065625 0.10185185185185186
4 0.6151041666666667 0.15833333333333333 0.04479166666666667 0.07592592592592592
4 0.8109375 0.08703703703703704 0.042708333333333334 0.05925925925925926
4 0.7119791666666666 0.053703703703703705 0.030208333333333334 0.04814814814814815
4 0.8083333333333333 0.04259259259259259 0.035416666666666666 0.04814814814814815
4 0.6005208333333333 0.10185185185185186 0.036458333333333336 0.05555555555555556
4 0.6760416666666667 0.125 0.03958333333333333 0.06851851851851852
4 0.7625 0.11296296296296297 0.04583333333333333 0.06296296296296297
4 0.8984375 0.11944444444444445 0.04895833333333333 0.061111111111111116
4 0.9078125 0.19074074074074074 0.06770833333333333 0.08148148148148149
5 0.5932291666666667 0.062037037037037036 0.026041666666666668 0.05
4 0.9421875 0.2611111111111111 0.071875 0.0962962962962963
4 0.5927083333333333 0.03796296296296296 0.020833333333333332 0.03518518518518519
3 0.5203125 0.1787037037037037 0.08854166666666667 0.19444444444444445