4 0.696875 0.053703703703703705 0.01875 0.03333333333333333
4 0.7098958333333333 0.062037037037037036 0.026041666666666668 0.03518518518518519
4 0.42135416666666664 0.23148148148148148 0.08645833333333333 0.07777777777777778
4 0.7354166666666666 0.06944444444444445 0.022916666666666665 0.03888888888888889
4 0.7572916666666667 0.04722222222222222 0.020833333333333332 0.024074074074074074
4 0.7380208333333333 0.03796296296296296 0.019791666666666666 0.024074074074074074
4 0.7713541666666667 0.02777777777777778 0.021875 0.02962962962962963
4 0.7744791666666666 0.07037037037037037 0.026041666666666668 0.05185185185185186
4 0.7609375 0.09351851851851853 0.030208333333333334 0.0462962962962963
4 0.7536458333333333 0.07962962962962963 0.019791666666666666 0.02962962962962963
4 0.5973958333333333 0.26481481481481484 0.04895833333333333 0.1
4 0.5494791666666666 0.13518518518518519 0.030208333333333334 0.05185185185185186
4 0.6677083333333333 0.21574074074074076 0.04791666666666666 0.07962962962962963
4 0.7354166666666666 0.11666666666666667 0.03333333333333333 0.05185185185185186
4 0.7927083333333333 0.12037037037037038 0.03333333333333333 0.044444444444444446
4 0.6354166666666666 0.13333333333333333 0.0375 0.06296296296296297
4 0.8104166666666667 0.15092592592592594 0.04375 0.06851851851851852
5 0.7552083333333334 0.16111111111111112 0.04791666666666666 0.07777777777777778
4 0.621875 0.0712962962962963 0.025 0.03888888888888889
4 0.9380208333333333 0.28703703703703703 0.08854166666666667 0.11851851851851852
3 0.5442708333333334 0.037037037037037035 0.03229166666666666 0.07407407407407407