4 0.8052083333333333 0.18703703703703706 0.03125 0.05555555555555556
4 0.7182291666666667 0.12407407407407407 0.02395833333333333 0.040740740740740744
4 0.7713541666666667 0.20740740740740743 0.04895833333333333 0.05925925925925926
4 0.61875 0.5518518518518519 0.09375 0.16666666666666669
4 0.5828125 0.3824074074074074 0.06770833333333333 0.11296296296296297
4 0.5364583333333334 0.3027777777777778 0.04791666666666666 0.08703703703703704
4 0.5901041666666667 0.22870370370370371 0.03854166666666667 0.06851851851851852
4 0.5796875 0.1925925925925926 0.034375 0.05925925925925926
4 0.9515625 0.30648148148148147 0.06145833333333333 0.08703703703703704
4 0.5838541666666667 0.13148148148148148 0.026041666666666668 0.044444444444444446
3 0.7869791666666667 0.12407407407407407 0.06770833333333333 0.10740740740740741
3 0.8973958333333333 0.17592592592592593 0.11979166666666667 0.18888888888888888