4 0.5260416666666666 0.2212962962962963 0.058333333333333334 0.08333333333333334
5 0.625 0.3925925925925926 0.1 0.20740740740740743
4 0.5947916666666666 0.28611111111111115 0.0625 0.11296296296296297
4 0.6708333333333333 0.21666666666666667 0.06666666666666667 0.10370370370370371
3 0.50625 0.06481481481481481 0.04791666666666666 0.12962962962962962
4 0.5697916666666667 0.0962962962962963 0.03125 0.05925925925925926
4 0.6375 0.13333333333333333 0.04375 0.07037037037037037
4 0.7151041666666667 0.10648148148148148 0.04479166666666667 0.07222222222222223
4 0.6083333333333333 0.0787037037037037 0.03333333333333333 0.0462962962962963
5 0.6046875 0.04351851851851852 0.026041666666666668 0.04259259259259259
4 0.5588541666666667 0.036111111111111115 0.02395833333333333 0.03888888888888889
4 0.9708333333333333 0.3509259259259259 0.05625 0.12407407407407407
3 0.44947916666666665 0.4666666666666667 0.171875 0.5074074074074074