4 0.48541666666666666 0.11851851851851852 0.025 0.04814814814814815
5 0.584375 0.17314814814814816 0.041666666666666664 0.061111111111111116
4 0.5765625 0.1212962962962963 0.030208333333333334 0.0462962962962963
4 0.6651041666666666 0.19814814814814816 0.04895833333333333 0.08148148148148149
4 0.6328125 0.12314814814814816 0.040625 0.06851851851851852
4 0.8244791666666667 0.13703703703703704 0.04895833333333333 0.06666666666666667
4 0.6494791666666666 0.04537037037037037 0.019791666666666666 0.03518518518518519
5 0.6901041666666666 0.05092592592592593 0.02395833333333333 0.03888888888888889
4 0.559375 0.09814814814814815 0.027083333333333334 0.040740740740740744
4 0.5609375 0.058333333333333334 0.019791666666666666 0.031481481481481485
4 0.5911458333333334 0.03796296296296296 0.021875 0.02777777777777778
3 0.5046875 0.20462962962962963 0.09270833333333334 0.20925925925925926