4 0.7395833333333334 0.6777777777777778 0.175 0.2740740740740741
3 0.4953125 0.10740740740740741 0.06770833333333333 0.21481481481481482
4 0.61875 0.3074074074074074 0.06875 0.11851851851851852
4 0.734375 0.33333333333333337 0.08541666666666667 0.12962962962962962
5 0.6854166666666667 0.19444444444444445 0.05625 0.11851851851851852
4 0.5895833333333333 0.16203703703703703 0.041666666666666664 0.06481481481481481
4 0.6932291666666667 0.04351851851851852 0.030208333333333334 0.03888888888888889
4 0.5953125 0.11296296296296297 0.036458333333333336 0.05185185185185186
4 0.5609375 0.06296296296296297 0.026041666666666668 0.037037037037037035
4 0.7880208333333333 0.13796296296296298 0.05520833333333333 0.06851851851851852
4 0.9630208333333333 0.21203703703703705 0.071875 0.09444444444444444
3 0.43645833333333334 0.625925925925926 0.23333333333333334 0.7037037037037037