4 0.8505208333333333 0.7805555555555556 0.16145833333333334 0.2611111111111111
4 0.6302083333333334 0.5444444444444445 0.0875 0.16296296296296298
5 0.4692708333333333 0.24351851851851852 0.096875 0.09444444444444444
4 0.584375 0.2388888888888889 0.03958333333333333 0.07037037037037037
5 0.5755208333333334 0.17500000000000002 0.028125 0.06481481481481481
4 0.6161458333333333 0.1574074074074074 0.030208333333333334 0.05185185185185186
4 0.9208333333333333 0.3592592592592593 0.08125 0.0925925925925926
4 0.840625 0.21203703703703705 0.0375 0.05740740740740741
4 0.7708333333333334 0.2101851851851852 0.0375 0.05740740740740741
4 0.7682291666666666 0.19074074074074074 0.040625 0.05185185185185186
4 0.7744791666666666 0.17037037037037037 0.040625 0.04814814814814815
4 0.734375 0.16296296296296298 0.035416666666666666 0.044444444444444446
4 0.7369791666666666 0.1287037037037037 0.030208333333333334 0.05
5 0.7166666666666667 0.14074074074074075 0.03125 0.05555555555555556
4 0.7015625 0.13240740740740742 0.028125 0.0462962962962963
4 0.6817708333333333 0.1175925925925926 0.026041666666666668 0.03518518518518519
4 0.7135416666666666 0.11111111111111112 0.027083333333333334 0.037037037037037035
4 0.9317708333333333 0.4416666666666667 0.096875 0.12407407407407407
4 0.5973958333333333 0.13240740740740742 0.02395833333333333 0.03888888888888889
3 0.9723958333333333 0.27222222222222225 0.053125 0.1925925925925926