4 0.6729166666666666 0.8055555555555556 0.14166666666666666 0.25925925925925924
5 0.45729166666666665 0.24074074074074076 0.10208333333333333 0.0925925925925926
4 0.5895833333333333 0.26944444444444443 0.04375 0.07592592592592592
5 0.5833333333333334 0.18611111111111112 0.03125 0.07222222222222223
4 0.6296875 0.1685185185185185 0.034375 0.05185185185185186
4 0.9010416666666666 0.32037037037037036 0.07083333333333333 0.08518518518518518
4 0.8395833333333333 0.19351851851851853 0.03958333333333333 0.05740740740740741
4 0.7776041666666667 0.2 0.036458333333333336 0.05555555555555556
4 0.7703125 0.18055555555555555 0.040625 0.05
4 0.7817708333333333 0.1564814814814815 0.03229166666666666 0.0462962962962963
4 0.7369791666666666 0.15462962962962964 0.034375 0.04259259259259259
4 0.7354166666666666 0.10833333333333334 0.027083333333333334 0.04259259259259259
5 0.7208333333333333 0.13055555555555556 0.03125 0.053703703703703705
4 0.7046875 0.12314814814814816 0.028125 0.04259259259259259
4 0.9130208333333333 0.39351851851851855 0.084375 0.11296296296296297
4 0.6098958333333333 0.13518518518518519 0.028125 0.040740740740740744
4 0.5640625 0.12037037037037038 0.02395833333333333 0.040740740740740744
3 0.9557291666666666 0.2574074074074074 0.08645833333333333 0.20740740740740743