4 0.6854166666666667 0.024074074074074074 0.016666666666666666 0.018518518518518517
4 0.6963541666666666 0.040740740740740744 0.019791666666666666 0.03333333333333333
4 0.18385416666666665 0.4527777777777778 0.109375 0.1388888888888889
4 0.7052083333333333 0.01388888888888889 0.01875 0.02777777777777778
4 0.7260416666666667 0.04814814814814815 0.025 0.018518518518518517
4 0.7229166666666667 0.02962962962962963 0.01875 0.018518518518518517
4 0.3260416666666667 0.2962962962962963 0.06458333333333333 0.0962962962962963
4 0.7239583333333334 0.07685185185185185 0.029166666666666667 0.03888888888888889
4 0.7666666666666666 0.05925925925925926 0.025 0.02962962962962963
4 0.7572916666666667 0.09074074074074075 0.029166666666666667 0.044444444444444446
5 0.6765625 0.06296296296296297 0.026041666666666668 0.04814814814814815
4 0.7953125 0.07777777777777778 0.036458333333333336 0.044444444444444446
4 0.6411458333333333 0.13055555555555556 0.03854166666666667 0.05740740740740741
4 0.5942708333333333 0.09814814814814815 0.026041666666666668 0.04814814814814815
4 0.775 0.12314814814814816 0.03958333333333333 0.05
4 0.834375 0.13148148148148148 0.05 0.03333333333333333
4 0.8354166666666667 0.17037037037037037 0.05416666666666667 0.06666666666666667
4 0.8875 0.13240740740740742 0.06666666666666667 0.06481481481481481
4 0.5817708333333333 0.040740740740740744 0.019791666666666666 0.03333333333333333
4 0.6088541666666667 0.02962962962962963 0.019791666666666666 0.03333333333333333
4 0.5411458333333333 0.036111111111111115 0.017708333333333333 0.031481481481481485
3 0.5364583333333334 0.1425925925925926 0.06875 0.15925925925925927