4 0.5057291666666667 0.4425925925925926 0.096875 0.16666666666666669
4 0.6614583333333334 0.2796296296296296 0.06041666666666667 0.10740740740740741
4 0.5541666666666667 0.25462962962962965 0.058333333333333334 0.09444444444444444
4 0.4708333333333333 0.21944444444444444 0.05625 0.08333333333333334
4 0.6421875 0.17962962962962964 0.04895833333333333 0.10370370370370371
4 0.5807291666666666 0.15833333333333333 0.042708333333333334 0.08333333333333334
4 0.6395833333333333 0.0787037037037037 0.029166666666666667 0.05
4 0.5984375 0.07777777777777778 0.028125 0.04814814814814815
4 0.8515625 0.3675925925925926 0.09479166666666666 0.13148148148148148
4 0.9067708333333333 0.29814814814814816 0.084375 0.11481481481481481
4 0.9338541666666667 0.20462962962962963 0.071875 0.09074074074074075
4 0.8432291666666667 0.1398148148148148 0.059375 0.06851851851851852
4 0.8781249999999999 0.10370370370370371 0.058333333333333334 0.05925925925925926
3 0.48593749999999997 0.1212962962962963 0.12395833333333334 0.15