4 0.5953125 0.0925925925925926 0.026041666666666668 0.040740740740740744
5 0.4197916666666667 0.28055555555555556 0.06041666666666667 0.13148148148148148
4 0.6213541666666667 0.2611111111111111 0.053125 0.0925925925925926
4 0.6619791666666667 0.4777777777777778 0.09895833333333333 0.14814814814814814
4 0.434375 0.12407407407407407 0.025 0.04814814814814815
4 0.48541666666666666 0.08981481481481482 0.022916666666666665 0.0462962962962963
4 0.5265625 0.07037037037037037 0.019791666666666666 0.02962962962962963
4 0.7354166666666666 0.8018518518518519 0.17291666666666666 0.2740740740740741
3 0.9338541666666667 0.4425925925925926 0.13020833333333334 0.3814814814814815
3 0.8239583333333333 0.4351851851851852 0.22291666666666665 0.44074074074074077
3 0.3880208333333333 0.17962962962962964 0.07395833333333333 0.15555555555555556