4 0.4895833333333333 0.12222222222222223 0.041666666666666664 0.05925925925925926
4 0.7026041666666667 0.04259259259259259 0.026041666666666668 0.040740740740740744
4 0.6333333333333333 0.3907407407407408 0.07916666666666666 0.12962962962962962
4 0.6791666666666667 0.06296296296296297 0.027083333333333334 0.04814814814814815
4 0.725 0.09074074074074075 0.035416666666666666 0.05185185185185186
4 0.5390625 0.23796296296296296 0.059375 0.09444444444444444
3 0.546875 0.09444444444444444 0.05 0.11481481481481481
4 0.5713541666666666 0.08703703703703704 0.021875 0.05185185185185186
4 0.734375 0.16296296296296298 0.04791666666666666 0.06296296296296297
4 0.7885416666666667 0.14814814814814814 0.04791666666666666 0.07407407407407407
4 0.6020833333333333 0.05740740740740741 0.027083333333333334 0.040740740740740744