5 0.628125 0.600925925925926 0.09166666666666666 0.2574074074074074
4 0.8114583333333333 0.22777777777777777 0.04375 0.05185185185185186
4 0.75625 0.13425925925925927 0.029166666666666667 0.03888888888888889
4 0.7776041666666667 0.16111111111111112 0.036458333333333336 0.044444444444444446
4 0.7291666666666666 0.15555555555555556 0.029166666666666667 0.044444444444444446
4 0.7104166666666667 0.1388888888888889 0.027083333333333334 0.037037037037037035
4 0.8161458333333333 0.2601851851851852 0.05520833333333333 0.06851851851851852
4 0.6984375 0.3574074074074074 0.06145833333333333 0.10370370370370371
4 0.5848958333333333 0.28240740740740744 0.046875 0.07962962962962963
4 0.5973958333333333 0.21851851851851853 0.03854166666666667 0.06296296296296297
4 0.5302083333333333 0.2 0.03125 0.05555555555555556
4 0.5776041666666667 0.17222222222222222 0.028125 0.04814814814814815
4 0.5713541666666666 0.14537037037037037 0.026041666666666668 0.03888888888888889
3 0.8296875 0.1685185185185185 0.08229166666666667 0.12962962962962962
3 0.9479166666666666 0.24444444444444446 0.10208333333333333 0.24074074074074076