4 0.5739583333333333 0.2851851851851852 0.07916666666666666 0.11481481481481481
5 0.703125 0.7759259259259259 0.18541666666666667 0.40370370370370373
4 0.625 0.4861111111111111 0.09583333333333333 0.19074074074074074
4 0.8802083333333334 0.6509259259259259 0.18541666666666667 0.3351851851851852
3 0.5010416666666666 0.08333333333333334 0.05625 0.16666666666666669
4 0.5822916666666667 0.15185185185185185 0.041666666666666664 0.07037037037037037
4 0.7114583333333333 0.2833333333333333 0.07916666666666666 0.11851851851851852
4 0.640625 0.1425925925925926 0.04375 0.06296296296296297
5 0.6291666666666667 0.09351851851851853 0.04375 0.07592592592592592
4 0.5666666666666667 0.07037037037037037 0.027083333333333334 0.044444444444444446
4 0.7791666666666667 0.13148148148148148 0.05 0.06666666666666667
4 0.58125 0.04166666666666667 0.027083333333333334 0.03518518518518519
3 0.44635416666666666 0.46481481481481485 0.17604166666666665 0.5148148148148148