4 0.4739583333333333 0.20092592592592592 0.05625 0.07962962962962963
4 0.4708333333333333 0.6314814814814815 0.12916666666666665 0.24074074074074076
5 0.5333333333333333 0.2962962962962963 0.08333333333333333 0.2
4 0.4536458333333333 0.17500000000000002 0.08229166666666667 0.07222222222222223
4 0.7140625 0.05462962962962963 0.034375 0.05
4 0.7963541666666667 0.05277777777777778 0.036458333333333336 0.053703703703703705
4 0.5828125 0.2138888888888889 0.051041666666666666 0.09074074074074075
4 0.8114583333333333 0.10925925925925926 0.04791666666666666 0.06666666666666667
4 0.8635416666666667 0.08148148148148149 0.04583333333333333 0.07037037037037037
4 0.5916666666666667 0.10185185185185186 0.041666666666666664 0.07407407407407407
4 0.6494791666666666 0.10185185185185186 0.036458333333333336 0.06666666666666667
3 0.49166666666666664 0.08796296296296297 0.12708333333333333 0.1462962962962963