4 0.47031249999999997 0.21203703703703705 0.053125 0.08333333333333334
4 0.5640625 0.25 0.05520833333333333 0.1
5 0.4765625 0.5546296296296297 0.109375 0.27592592592592596
4 0.6640625 0.40925925925925927 0.084375 0.15185185185185185
4 0.7614583333333333 0.06018518518518519 0.03125 0.05
4 0.728125 0.09351851851851853 0.035416666666666666 0.05740740740740741
4 0.5666666666666667 0.14166666666666666 0.04583333333333333 0.07962962962962963
4 0.6473958333333333 0.17037037037037037 0.046875 0.08148148148148149
4 0.7989583333333333 0.10555555555555556 0.041666666666666664 0.06296296296296297
4 0.6484375 0.10740740740740741 0.036458333333333336 0.06296296296296297
4 0.5979166666666667 0.10277777777777779 0.035416666666666666 0.05740740740740741
3 0.48802083333333335 0.10370370370370371 0.12395833333333334 0.15185185185185185