4 0.7010416666666667 0.6759259259259259 0.13125 0.2555555555555556
4 0.6239583333333333 0.2555555555555556 0.06041666666666667 0.10370370370370371
4 0.7421875 0.0462962962962963 0.03229166666666666 0.044444444444444446
4 0.5552083333333333 0.22222222222222224 0.052083333333333336 0.08148148148148149
5 0.6072916666666667 0.17037037037037037 0.04583333333333333 0.0925925925925926
4 0.74375 0.3194444444444445 0.08333333333333333 0.12407407407407407
4 0.7973958333333333 0.05925925925925926 0.03229166666666666 0.044444444444444446
4 0.5432291666666667 0.15555555555555556 0.04479166666666667 0.06666666666666667
4 0.7020833333333333 0.19722222222222224 0.06458333333333333 0.10555555555555556
4 0.5890625 0.11944444444444445 0.042708333333333334 0.07222222222222223
5 0.665625 0.11203703703703705 0.041666666666666664 0.07592592592592592
4 0.8067708333333333 0.10277777777777779 0.042708333333333334 0.061111111111111116
4 0.6302083333333334 0.08240740740740742 0.03333333333333333 0.05740740740740741
4 0.8895833333333333 0.11388888888888889 0.05 0.061111111111111116
4 0.8760416666666666 0.18703703703703706 0.06458333333333333 0.08148148148148149
4 0.6395833333333333 0.058333333333333334 0.029166666666666667 0.03888888888888889
3 0.4588541666666667 0.5796296296296296 0.21979166666666666 0.6703703703703704