4 0.7984375 0.15 0.030208333333333334 0.04814814814814815
4 0.7479166666666667 0.15833333333333333 0.035416666666666666 0.05
4 0.5333333333333333 0.6444444444444445 0.12291666666666666 0.21851851851851853
4 0.5588541666666667 0.4314814814814815 0.071875 0.13333333333333333
4 0.6020833333333333 0.28055555555555556 0.04583333333333333 0.08703703703703704
4 0.590625 0.2240740740740741 0.03958333333333333 0.06666666666666667
4 0.9286458333333333 0.25 0.057291666666666664 0.07037037037037037
4 0.6078125 0.15 0.03229166666666666 0.05185185185185186
4 0.571875 0.11296296296296297 0.025 0.044444444444444446
4 0.534375 0.10740740740740741 0.025 0.044444444444444446
3 0.7671875 0.08981481481481482 0.057291666666666664 0.09074074074074075
3 0.865625 0.1425925925925926 0.10416666666666667 0.17407407407407408