4 0.6744791666666666 0.021296296296296296 0.019791666666666666 0.024074074074074074
4 0.6421875 0.020370370370370372 0.019791666666666666 0.022222222222222223
4 0.6875 0.03796296296296296 0.025 0.03518518518518519
4 0.7145833333333333 0.06759259259259259 0.03333333333333333 0.0462962962962963
5 0.753125 0.12685185185185185 0.041666666666666664 0.07222222222222223
4 0.7447916666666666 0.09722222222222222 0.03125 0.03518518518518519
4 0.6125 0.4416666666666667 0.1 0.1574074074074074
4 0.9098958333333333 0.21666666666666667 0.06770833333333333 0.08148148148148149
4 0.8859374999999999 0.3509259259259259 0.096875 0.12037037037037038
4 0.959375 0.30092592592592593 0.07916666666666666 0.09814814814814815
3 0.4239583333333333 0.5296296296296297 0.20625 0.6518518518518519