4 0.47031249999999997 0.2101851851851852 0.053125 0.07962962962962963
4 0.559375 0.2712962962962963 0.058333333333333334 0.10185185185185186
5 0.44947916666666665 0.6611111111111111 0.12604166666666666 0.32222222222222224
4 0.6692708333333334 0.4851851851851852 0.09270833333333334 0.17777777777777778
4 0.7244791666666667 0.08425925925925926 0.034375 0.05740740740740741
4 0.5651041666666666 0.14722222222222223 0.046875 0.08333333333333334
4 0.6463541666666667 0.1851851851851852 0.046875 0.08518518518518518
4 0.79375 0.0925925925925926 0.03958333333333333 0.05925925925925926
4 0.6473958333333333 0.11574074074074074 0.03854166666666667 0.06481481481481481
4 0.5958333333333333 0.10740740740740741 0.035416666666666666 0.06296296296296297
4 0.9541666666666666 0.3425925925925926 0.08958333333333333 0.13333333333333333
4 0.9390625 0.5990740740740741 0.11979166666666667 0.20555555555555557
3 0.48854166666666665 0.10648148148148148 0.12708333333333333 0.1537037037037037