4 0.2942708333333333 0.9027777777777778 0.20520833333333333 0.19074074074074074
4 0.42916666666666664 0.45555555555555555 0.09583333333333333 0.14444444444444446
4 0.521875 0.25925925925925924 0.06041666666666667 0.0925925925925926
5 0.553125 0.16944444444444445 0.05416666666666667 0.09444444444444444
4 0.6541666666666667 0.22870370370370371 0.058333333333333334 0.11666666666666667
4 0.778125 0.12222222222222223 0.04583333333333333 0.05925925925925926
4 0.6427083333333333 0.1398148148148148 0.0375 0.06481481481481481
4 0.9213541666666667 0.33055555555555555 0.09895833333333333 0.11666666666666667
4 0.5854166666666667 0.12222222222222223 0.03333333333333333 0.05555555555555556
4 0.9520833333333333 0.6953703703703704 0.09375 0.26851851851851855
3 0.48802083333333335 0.12592592592592594 0.13229166666666667 0.15925925925925927