4 0.65 0.375 0.07916666666666666 0.1462962962962963
4 0.58125 0.2972222222222222 0.06458333333333333 0.10925925925925926
5 0.6192708333333333 0.2212962962962963 0.053125 0.11666666666666667
4 0.8828125 0.7194444444444444 0.16979166666666667 0.29074074074074074
4 0.5583333333333333 0.20185185185185187 0.05416666666666667 0.07777777777777778
4 0.7833333333333333 0.3768518518518519 0.10625 0.18703703703703706
4 0.609375 0.1537037037037037 0.04791666666666666 0.07407407407407407
5 0.6979166666666666 0.1814814814814815 0.052083333333333336 0.11111111111111112
4 0.7838541666666666 0.061111111111111116 0.03229166666666666 0.05185185185185186
4 0.6578125 0.1287037037037037 0.040625 0.06851851851851852
4 0.8453125 0.0787037037037037 0.042708333333333334 0.05740740740740741
4 0.8078124999999999 0.11388888888888889 0.046875 0.061111111111111116
4 0.6572916666666666 0.09444444444444444 0.035416666666666666 0.044444444444444446
4 0.5947916666666666 0.06851851851851852 0.03125 0.04814814814814815
4 0.9151041666666666 0.20370370370370372 0.06770833333333333 0.08148148148148149
4 0.9598958333333333 0.37962962962962965 0.078125 0.14814814814814814
3 0.4578125 0.575925925925926 0.21562499999999998 0.6666666666666667