4 0.7822916666666666 0.05 0.035416666666666666 0.04814814814814815
4 0.7630208333333334 0.08518518518518518 0.034375 0.044444444444444446
4 0.5708333333333333 0.21296296296296297 0.052083333333333336 0.08888888888888889
4 0.6005208333333333 0.14537037037037037 0.040625 0.06481481481481481
4 0.6869791666666667 0.21481481481481482 0.059375 0.0925925925925926
4 0.7953125 0.12962962962962962 0.04479166666666667 0.06666666666666667
4 0.5380208333333333 0.1388888888888889 0.036458333333333336 0.06296296296296297
5 0.5942708333333333 0.10277777777777779 0.03229166666666666 0.061111111111111116
4 0.6552083333333333 0.1212962962962963 0.041666666666666664 0.061111111111111116
4 0.865625 0.1824074074074074 0.058333333333333334 0.08333333333333334
4 0.5322916666666666 0.09444444444444444 0.029166666666666667 0.044444444444444446
4 0.6229166666666667 0.08055555555555556 0.035416666666666666 0.053703703703703705
4 0.55 0.06759259259259259 0.029166666666666667 0.05
5 0.6354166666666666 0.05740740740740741 0.025 0.05185185185185186
3 0.45625 0.5935185185185186 0.2125 0.6722222222222223