4 0.334375 0.23703703703703705 0.04375 0.07037037037037037
4 0.6255208333333333 0.10833333333333334 0.026041666666666668 0.04259259259259259
4 0.6770833333333334 0.1287037037037037 0.03125 0.0462962962962963
4 0.65625 0.16111111111111112 0.041666666666666664 0.06296296296296297
4 0.49374999999999997 0.28425925925925927 0.052083333333333336 0.09444444444444444
4 0.7192708333333333 0.17777777777777778 0.042708333333333334 0.06666666666666667
4 0.3963541666666667 0.3175925925925926 0.06145833333333333 0.09444444444444444
4 0.4666666666666667 0.15185185185185185 0.03125 0.05185185185185186
4 0.5223958333333333 0.20555555555555557 0.040625 0.06666666666666667
4 0.7109375 0.2935185185185185 0.06145833333333333 0.09814814814814815
4 0.825 0.3101851851851852 0.075 0.09814814814814815
4 0.515625 0.14351851851851852 0.029166666666666667 0.0462962962962963
4 0.453125 0.12592592592592594 0.022916666666666665 0.040740740740740744
4 0.4875 0.10185185185185186 0.022916666666666665 0.03333333333333333
4 0.9385416666666666 0.8231481481481482 0.08333333333333333 0.2537037037037037
3 0.6619791666666667 0.08981481481481482 0.04479166666666667 0.08333333333333334