4 0.7583333333333333 0.07962962962962963 0.03333333333333333 0.04814814814814815
4 0.5765625 0.23055555555555557 0.05520833333333333 0.08703703703703704
4 0.6015625 0.1564814814814815 0.042708333333333334 0.06851851851851852
4 0.6963541666666666 0.24166666666666667 0.065625 0.09814814814814815
4 0.7880208333333333 0.11944444444444445 0.042708333333333334 0.061111111111111116
4 0.5395833333333333 0.1462962962962963 0.0375 0.06296296296296297
5 0.59375 0.10833333333333334 0.0375 0.061111111111111116
4 0.6598958333333333 0.12962962962962962 0.042708333333333334 0.05925925925925926
4 0.8526041666666666 0.1685185185185185 0.05520833333333333 0.07407407407407407
4 0.5302083333333333 0.10092592592592593 0.03125 0.0462962962962963
4 0.6317708333333333 0.09074074074074075 0.036458333333333336 0.05925925925925926
4 0.5510416666666667 0.07407407407407407 0.029166666666666667 0.05185185185185186
5 0.6369791666666667 0.05925925925925926 0.026041666666666668 0.044444444444444446
4 0.9692708333333333 0.30462962962962964 0.059375 0.11296296296296297
3 0.4557291666666667 0.5898148148148148 0.209375 0.6611111111111111