4 0.4708333333333333 0.20925925925925926 0.05416666666666667 0.08518518518518518
4 0.6598958333333333 0.4203703703703704 0.08645833333333333 0.16296296296296298
4 0.5875 0.1425925925925926 0.03958333333333333 0.07037037037037037
4 0.4109375 0.6833333333333333 0.15104166666666666 0.2814814814814815
5 0.5473958333333333 0.2111111111111111 0.04895833333333333 0.11851851851851852
4 0.7276041666666666 0.10740740740740741 0.042708333333333334 0.06296296296296297
4 0.6515625 0.15 0.042708333333333334 0.07407407407407407
4 0.8291666666666666 0.15 0.05416666666666667 0.07407407407407407
4 0.7927083333333333 0.2351851851851852 0.06458333333333333 0.0962962962962963
4 0.5734375 0.10277777777777779 0.040625 0.06851851851851852
4 0.6348958333333333 0.08981481481481482 0.03854166666666667 0.05740740740740741
4 0.9182291666666667 0.3101851851851852 0.09270833333333334 0.12407407407407407
3 0.48802083333333335 0.10925925925925926 0.12604166666666666 0.16666666666666669