4 0.3328125 0.22962962962962963 0.04895833333333333 0.07037037037037037
4 0.6651041666666666 0.10092592592592593 0.026041666666666668 0.0462962962962963
4 0.4942708333333333 0.29074074074074074 0.065625 0.12592592592592594
4 0.5786458333333333 0.10648148148148148 0.026041666666666668 0.04259259259259259
5 0.39010416666666664 0.2518518518518519 0.06354166666666666 0.14074074074074075
4 0.6510416666666666 0.15555555555555556 0.0375 0.06666666666666667
4 0.5833333333333334 0.13796296296296298 0.03333333333333333 0.053703703703703705
4 0.45260416666666664 0.638888888888889 0.10729166666666666 0.22592592592592595
4 0.7119791666666666 0.23148148148148148 0.05520833333333333 0.07777777777777778
4 0.7239583333333334 0.29074074074074074 0.07083333333333333 0.10740740740740741
4 0.46249999999999997 0.18055555555555555 0.03958333333333333 0.061111111111111116
4 0.4166666666666667 0.16944444444444445 0.035416666666666666 0.053703703703703705
4 0.5177083333333333 0.12685185185185185 0.027083333333333334 0.04259259259259259
4 0.7979166666666666 0.44907407407407407 0.1 0.15
4 0.4588541666666667 0.11018518518518519 0.026041666666666668 0.04259259259259259
4 0.4953125 0.08240740740740742 0.021875 0.03888888888888889
4 0.5307291666666667 0.0962962962962963 0.02395833333333333 0.03333333333333333
3 0.7260416666666667 0.1398148148148148 0.07916666666666666 0.1277777777777778
3 0.6276041666666666 0.09907407407407408 0.04479166666666667 0.10925925925925926