4 0.48385416666666664 0.14166666666666666 0.03229166666666666 0.053703703703703705
4 0.715625 0.8805555555555555 0.15625 0.19444444444444445
4 0.6041666666666666 0.36203703703703705 0.06666666666666667 0.13148148148148148
4 0.5734375 0.1638888888888889 0.040625 0.06851851851851852
4 0.6598958333333333 0.1925925925925926 0.04895833333333333 0.07407407407407407
5 0.509375 0.1574074074074074 0.04791666666666666 0.08888888888888889
4 0.5541666666666667 0.09722222222222222 0.027083333333333334 0.04259259259259259
4 0.7510416666666666 0.18425925925925926 0.058333333333333334 0.09444444444444444
4 0.8546874999999999 0.20555555555555557 0.06354166666666666 0.08518518518518518
4 0.559375 0.06018518518518519 0.027083333333333334 0.0462962962962963
4 0.5927083333333333 0.05740740740740741 0.029166666666666667 0.040740740740740744
3 0.4458333333333333 0.47870370370370374 0.16666666666666666 0.512962962962963