5 0.728125 0.725925925925926 0.16041666666666665 0.3925925925925926
4 0.6369791666666667 0.47962962962962963 0.10104166666666667 0.17777777777777778
4 0.6401041666666667 0.3101851851851852 0.08020833333333333 0.1537037037037037
4 0.9213541666666667 0.6675925925925926 0.15520833333333334 0.3092592592592593
4 0.7864583333333334 0.37777777777777777 0.1 0.14444444444444446
4 0.6104166666666666 0.17500000000000002 0.04791666666666666 0.08333333333333334
4 0.7453125 0.02962962962962963 0.030208333333333334 0.040740740740740744
4 0.778125 0.06018518518518519 0.035416666666666666 0.05740740740740741
4 0.8177083333333334 0.049074074074074076 0.035416666666666666 0.05
4 0.7005208333333334 0.16666666666666669 0.04895833333333333 0.08518518518518518
5 0.5885416666666666 0.11111111111111112 0.03125 0.08148148148148149
4 0.84375 0.09166666666666667 0.04375 0.061111111111111116
4 0.6177083333333333 0.08981481481481482 0.035416666666666666 0.05740740740740741
4 0.809375 0.14166666666666666 0.05 0.07222222222222223
4 0.6015625 0.0462962962962963 0.030208333333333334 0.044444444444444446
4 0.9604166666666667 0.16481481481481483 0.07708333333333334 0.07407407407407407
4 0.9723958333333333 0.24629629629629632 0.053125 0.1
4 0.9682291666666667 0.362962962962963 0.06145833333333333 0.14074074074074075
3 0.378125 0.737962962962963 0.36666666666666664 0.5203703703703704