4 0.8078124999999999 0.1462962962962963 0.03854166666666667 0.05185185185185186
4 0.6296875 0.5611111111111111 0.10520833333333333 0.21851851851851853
4 0.46770833333333334 0.662962962962963 0.1125 0.2555555555555556
4 0.8125 0.5638888888888889 0.11666666666666667 0.18703703703703706
5 0.5869791666666666 0.25277777777777777 0.046875 0.11296296296296297
5 0.5869791666666666 0.16203703703703703 0.030208333333333334 0.07222222222222223
4 0.5671875 0.12314814814814816 0.028125 0.0462962962962963
4 0.6067708333333334 0.1 0.02395833333333333 0.040740740740740744
4 0.5677083333333334 0.08611111111111111 0.020833333333333332 0.03518518518518519
3 0.7505208333333333 0.07685185185185185 0.065625 0.11296296296296297
3 0.9411458333333333 0.2212962962962963 0.11562499999999999 0.19074074074074074