4 0.4739583333333333 0.20277777777777778 0.05416666666666667 0.07962962962962963
4 0.45625 0.5046296296296297 0.11666666666666667 0.23148148148148148
4 0.6067708333333334 0.6101851851851852 0.11979166666666667 0.2611111111111111
4 0.54375 0.28611111111111115 0.06458333333333333 0.11296296296296297
4 0.721875 0.05277777777777778 0.03333333333333333 0.05
4 0.6395833333333333 0.35462962962962963 0.07291666666666667 0.13518518518518519
5 0.5744791666666667 0.1564814814814815 0.05520833333333333 0.12407407407407407
5 0.7661458333333333 0.040740740740740744 0.034375 0.05925925925925926
4 0.45208333333333334 0.17500000000000002 0.08125 0.06851851851851852
4 0.7723958333333333 0.09074074074074075 0.03854166666666667 0.06296296296296297
4 0.7473958333333334 0.13333333333333333 0.04895833333333333 0.07037037037037037
4 0.8494791666666667 0.13611111111111113 0.05520833333333333 0.07592592592592592
4 0.6046875 0.11851851851851852 0.036458333333333336 0.05925925925925926
4 0.9265625 0.25925925925925924 0.084375 0.10740740740740741
3 0.49114583333333334 0.09537037037037037 0.128125 0.15