4 0.48072916666666665 0.20740740740740743 0.059375 0.07777777777777778
4 0.571875 0.23796296296296296 0.058333333333333334 0.09444444444444444
4 0.5817708333333333 0.16111111111111112 0.042708333333333334 0.06666666666666667
4 0.6802083333333333 0.4138888888888889 0.08125 0.15
4 0.7317708333333334 0.10462962962962963 0.036458333333333336 0.05740740740740741
4 0.6510416666666666 0.16111111111111112 0.041666666666666664 0.07407407407407407
4 0.8640625 0.17407407407407408 0.05520833333333333 0.07777777777777778
4 0.590625 0.11388888888888889 0.035416666666666666 0.06851851851851852
4 0.6401041666666667 0.10555555555555556 0.036458333333333336 0.06666666666666667
4 0.921875 0.23703703703703705 0.075 0.0962962962962963
3 0.48802083333333335 0.11944444444444445 0.12604166666666666 0.1462962962962963