4 0.3333333333333333 0.225 0.04791666666666666 0.06481481481481481
4 0.6796875 0.11296296296296297 0.030208333333333334 0.044444444444444446
4 0.49374999999999997 0.22962962962962963 0.05416666666666667 0.0962962962962963
4 0.5817708333333333 0.125 0.030208333333333334 0.05
4 0.4223958333333333 0.8351851851851853 0.13854166666666667 0.24444444444444446
5 0.4119791666666667 0.1962962962962963 0.053125 0.11851851851851852
4 0.6598958333333333 0.16944444444444445 0.040625 0.06851851851851852
4 0.5880208333333333 0.1527777777777778 0.036458333333333336 0.061111111111111116
4 0.48541666666666666 0.3842592592592593 0.06458333333333333 0.13148148148148148
4 0.7317708333333334 0.2611111111111111 0.06354166666666666 0.08148148148148149
4 0.7484375 0.337037037037037 0.084375 0.12962962962962962
4 0.4734375 0.14722222222222223 0.034375 0.05
4 0.43072916666666666 0.13611111111111113 0.03229166666666666 0.0462962962962963
4 0.51875 0.10833333333333334 0.025 0.03888888888888889
4 0.8520833333333333 0.5851851851851853 0.13541666666666666 0.2
4 0.46249999999999997 0.08796296296296297 0.025 0.03518518518518519
4 0.4973958333333333 0.07037037037037037 0.019791666666666666 0.03333333333333333
4 0.5328125 0.07777777777777778 0.021875 0.03333333333333333
3 0.746875 0.15833333333333333 0.08958333333333333 0.1425925925925926
3 0.6307291666666667 0.10185185185185186 0.04895833333333333 0.11481481481481481