4 0.8067708333333333 0.20277777777777778 0.03854166666666667 0.053703703703703705
4 0.7567708333333333 0.13240740740740742 0.030208333333333334 0.04259259259259259
4 0.7223958333333333 0.13796296296296298 0.028125 0.04259259259259259
4 0.7958333333333333 0.23333333333333334 0.05416666666666667 0.06666666666666667
4 0.7859375 0.549074074074074 0.10520833333333333 0.17222222222222222
4 0.596875 0.3648148148148148 0.06041666666666667 0.11111111111111112
4 0.5953125 0.27222222222222225 0.04895833333333333 0.07777777777777778
4 0.5291666666666667 0.23240740740740742 0.0375 0.06851851851851852
4 0.5786458333333333 0.18981481481481483 0.03229166666666666 0.053703703703703705
4 0.5729166666666666 0.16203703703703703 0.029166666666666667 0.0462962962962963
4 0.9692708333333333 0.35462962962962963 0.057291666666666664 0.09444444444444444
3 0.8104166666666667 0.14814814814814814 0.075 0.11851851851851852
3 0.9322916666666666 0.20462962962962963 0.13333333333333333 0.21666666666666667