4 0.4734375 0.1851851851851852 0.06145833333333333 0.07777777777777778
5 0.6322916666666667 0.37222222222222223 0.09166666666666666 0.18888888888888888
4 0.6677083333333333 0.6981481481481482 0.125 0.24074074074074076
4 0.6078125 0.275 0.059375 0.09814814814814815
4 0.7854166666666667 0.049074074074074076 0.03333333333333333 0.03888888888888889
4 0.8875 0.6055555555555556 0.17083333333333334 0.2777777777777778
4 0.5458333333333333 0.14351851851851852 0.035416666666666666 0.061111111111111116
4 0.8015625 0.09351851851851853 0.036458333333333336 0.061111111111111116
4 0.6463541666666667 0.1638888888888889 0.053125 0.08333333333333334
4 0.5640625 0.1 0.028125 0.044444444444444446
4 0.6046875 0.08148148148148149 0.028125 0.04814814814814815
4 0.6453125 0.09166666666666667 0.034375 0.053703703703703705
4 0.9338541666666667 0.2990740740740741 0.08854166666666667 0.11666666666666667
3 0.4536458333333333 0.48055555555555557 0.17395833333333333 0.47222222222222227