4 0.6770833333333334 0.7018518518518518 0.15208333333333332 0.2888888888888889
5 0.6020833333333333 0.3861111111111111 0.07083333333333333 0.19074074074074074
4 0.7640625 0.4 0.10104166666666667 0.15925925925925927
4 0.6203125 0.19722222222222224 0.051041666666666666 0.08703703703703704
4 0.7921875 0.031481481481481485 0.03229166666666666 0.040740740740740744
4 0.7359375 0.02962962962962963 0.028125 0.040740740740740744
4 0.7463541666666667 0.05 0.03229166666666666 0.04814814814814815
4 0.759375 0.0787037037037037 0.03333333333333333 0.053703703703703705
4 0.55 0.3037037037037037 0.07291666666666667 0.11481481481481481
4 0.8213541666666666 0.11296296296296297 0.04895833333333333 0.06296296296296297
4 0.6677083333333333 0.12962962962962962 0.041666666666666664 0.07407407407407407
4 0.5994791666666667 0.08518518518518518 0.03229166666666666 0.05185185185185186
4 0.8822916666666667 0.1462962962962963 0.058333333333333334 0.08148148148148149
4 0.7921875 0.1537037037037037 0.05520833333333333 0.07777777777777778
4 0.8828125 0.09351851851851853 0.046875 0.05740740740740741
4 0.5963541666666666 0.04814814814814815 0.026041666666666668 0.040740740740740744
4 0.640625 0.04166666666666667 0.027083333333333334 0.04259259259259259
4 0.9630208333333333 0.33796296296296297 0.071875 0.12037037037037038
3 0.5375 0.09722222222222222 0.05625 0.1388888888888889