4 0.484375 0.5 0.10833333333333334 0.1925925925925926
4 0.6609375 0.3092592592592593 0.065625 0.12592592592592594
4 0.5458333333333333 0.26666666666666666 0.06458333333333333 0.0962962962962963
4 0.46875 0.21296296296296297 0.05416666666666667 0.07777777777777778
4 0.6411458333333333 0.18703703703703706 0.053125 0.10740740740740741
4 0.5765625 0.16111111111111112 0.04479166666666667 0.08518518518518518
4 0.6380208333333334 0.07407407407407407 0.030208333333333334 0.05185185185185186
4 0.596875 0.07407407407407407 0.027083333333333334 0.04814814814814815
4 0.8244791666666667 0.3092592592592593 0.08229166666666667 0.11481481481481481
4 0.8807291666666667 0.25833333333333336 0.07604166666666666 0.10555555555555556
4 0.9161458333333333 0.18055555555555555 0.065625 0.08703703703703704
4 0.8296875 0.125 0.05520833333333333 0.06851851851851852
4 0.8901041666666667 0.09166666666666667 0.06354166666666666 0.061111111111111116
4 0.5854166666666667 0.1212962962962963 0.03958333333333333 0.061111111111111116
3 0.4848958333333333 0.11481481481481481 0.12604166666666666 0.15555555555555556