4 0.4708333333333333 0.21203703703703705 0.052083333333333336 0.08703703703703704
4 0.565625 0.24074074074074076 0.05416666666666667 0.0925925925925926
5 0.48593749999999997 0.5111111111111112 0.09895833333333333 0.2518518518518519
4 0.6604166666666667 0.3814814814814815 0.07916666666666666 0.14814814814814814
4 0.7630208333333334 0.06296296296296297 0.03229166666666666 0.05185185185185186
4 0.73125 0.09907407407407408 0.0375 0.05740740740740741
4 0.5682291666666667 0.1388888888888889 0.04479166666666667 0.08148148148148149
4 0.646875 0.16296296296296298 0.04375 0.07777777777777778
4 0.8010416666666667 0.11018518518518519 0.041666666666666664 0.06481481481481481
4 0.6473958333333333 0.10092592592592593 0.034375 0.05740740740740741
4 0.5979166666666667 0.09907407407407408 0.035416666666666666 0.05740740740740741
3 0.48854166666666665 0.10370370370370371 0.125 0.15185185185185185