4 0.6390625 0.8407407407407408 0.13854166666666667 0.26666666666666666
5 0.5911458333333334 0.3490740740740741 0.053125 0.13518518518518519
4 0.7171875 0.38333333333333336 0.071875 0.11851851851851852
4 0.8302083333333333 0.25925925925925924 0.05 0.06666666666666667
4 0.7822916666666666 0.16111111111111112 0.035416666666666666 0.044444444444444446
4 0.8052083333333333 0.18888888888888888 0.035416666666666666 0.05185185185185186
4 0.7411458333333333 0.17500000000000002 0.036458333333333336 0.05
4 0.7416666666666667 0.13425925925925927 0.029166666666666667 0.03888888888888889
4 0.7208333333333333 0.15462962962962964 0.03125 0.0462962962962963
4 0.8442708333333333 0.29814814814814816 0.06145833333333333 0.08148148148148149
4 0.6432291666666666 0.2351851851851852 0.03854166666666667 0.06296296296296297
4 0.5729166666666666 0.20925925925925926 0.03333333333333333 0.05925925925925926
4 0.6 0.16574074074074074 0.029166666666666667 0.0462962962962963
4 0.5328125 0.15925925925925927 0.026041666666666668 0.044444444444444446
4 0.575 0.14351851851851852 0.022916666666666665 0.03888888888888889
3 0.8713541666666667 0.19444444444444445 0.10520833333333333 0.14814814814814814