4 0.5125 0.4240740740740741 0.09166666666666666 0.15925925925925927
4 0.6614583333333334 0.27037037037037037 0.058333333333333334 0.10370370370370371
4 0.5578125 0.24537037037037038 0.057291666666666664 0.09074074074074075
4 0.47239583333333335 0.22314814814814815 0.05520833333333333 0.07962962962962963
4 0.6421875 0.17592592592592593 0.04895833333333333 0.10370370370370371
4 0.5817708333333333 0.15555555555555556 0.042708333333333334 0.08148148148148149
4 0.6385416666666667 0.07777777777777778 0.027083333333333334 0.04814814814814815
4 0.5989583333333334 0.0787037037037037 0.027083333333333334 0.0462962962962963
4 0.8692708333333333 0.40370370370370373 0.103125 0.14444444444444446
4 0.9208333333333333 0.32222222222222224 0.09166666666666666 0.12222222222222223
4 0.9432291666666667 0.2175925925925926 0.07395833333333333 0.09074074074074075
4 0.8479166666666667 0.14814814814814814 0.06041666666666667 0.07037037037037037
4 0.8734375 0.10925925925925926 0.053125 0.05925925925925926
3 0.4864583333333333 0.1212962962962963 0.12291666666666666 0.1462962962962963