4 0.29270833333333335 0.7935185185185185 0.17291666666666666 0.29074074074074074
4 0.47604166666666664 0.3592592592592593 0.07708333333333334 0.11851851851851852
5 0.5197916666666667 0.2175925925925926 0.0625 0.11666666666666667
4 0.6651041666666666 0.3601851851851852 0.08020833333333333 0.1685185185185185
4 0.7541666666666667 0.07685185185185185 0.035416666666666666 0.05
4 0.6432291666666666 0.20277777777777778 0.046875 0.08333333333333334
4 0.8296875 0.18703703703703706 0.059375 0.07777777777777778
4 0.575 0.13796296296296298 0.04583333333333333 0.061111111111111116
4 0.8182291666666667 0.3055555555555556 0.084375 0.12592592592592594
4 0.6078125 0.10185185185185186 0.034375 0.05555555555555556
4 0.5708333333333333 0.10092592592592593 0.03333333333333333 0.053703703703703705
4 0.6552083333333333 0.09814814814814815 0.03333333333333333 0.05555555555555556
3 0.48802083333333335 0.1212962962962963 0.128125 0.16111111111111112