4 0.6307291666666667 0.3768518518518519 0.08229166666666667 0.1388888888888889
4 0.6114583333333333 0.19814814814814816 0.05 0.08148148148148149
4 0.7963541666666667 0.47222222222222227 0.11979166666666667 0.1851851851851852
4 0.7567708333333333 0.0712962962962963 0.036458333333333336 0.05
4 0.5463541666666667 0.17685185185185187 0.04479166666666667 0.07592592592592592
5 0.6041666666666666 0.13425925925925927 0.0375 0.07592592592592592
4 0.6984375 0.20277777777777778 0.057291666666666664 0.09074074074074075
4 0.8145833333333333 0.09351851851851853 0.035416666666666666 0.05740740740740741
4 0.5322916666666666 0.12222222222222223 0.0375 0.05925925925925926
4 0.6666666666666666 0.13055555555555556 0.05 0.07592592592592592
4 0.5729166666666666 0.09166666666666667 0.035416666666666666 0.06481481481481481
5 0.6510416666666666 0.07962962962962963 0.03125 0.06296296296296297
4 0.8567708333333334 0.16018518518518518 0.057291666666666664 0.07962962962962963
4 0.6125 0.05740740740740741 0.027083333333333334 0.05185185185185186
4 0.9421875 0.1564814814814815 0.06145833333333333 0.08333333333333334
4 0.9630208333333333 0.2953703703703704 0.071875 0.10925925925925926
4 0.6307291666666667 0.040740740740740744 0.021875 0.040740740740740744
3 0.45416666666666666 0.5805555555555556 0.22083333333333333 0.6685185185185185