4 0.65 0.4 0.08125 0.14444444444444446
4 0.8046875 0.862962962962963 0.171875 0.27037037037037037
4 0.834375 0.08518518518518518 0.04791666666666666 0.05925925925925926
4 0.7697916666666667 0.08703703703703704 0.03958333333333333 0.04814814814814815
4 0.7942708333333334 0.06481481481481481 0.030208333333333334 0.044444444444444446
4 0.74375 0.06018518518518519 0.029166666666666667 0.03888888888888889
4 0.9036458333333334 0.22592592592592595 0.06979166666666667 0.0925925925925926
4 0.5479166666666666 0.07407407407407407 0.027083333333333334 0.04814814814814815
4 0.5947916666666666 0.05925925925925926 0.025 0.044444444444444446
4 0.6364583333333333 0.05277777777777778 0.027083333333333334 0.04259259259259259
3 0.4901041666666667 0.35000000000000003 0.13645833333333332 0.3851851851851852