4 0.48333333333333334 0.1398148148148148 0.035416666666666666 0.061111111111111116
4 0.6119791666666666 0.38981481481481484 0.078125 0.1388888888888889
4 0.5723958333333333 0.16296296296296298 0.040625 0.07407407407407407
4 0.6614583333333334 0.20092592592592592 0.05416666666666667 0.07962962962962963
5 0.5088541666666666 0.15925925925925927 0.04479166666666667 0.08888888888888889
4 0.5526041666666667 0.10092592592592593 0.030208333333333334 0.04259259259259259
4 0.7442708333333333 0.17592592592592593 0.05520833333333333 0.08148148148148149
4 0.8380208333333333 0.19074074074074074 0.06354166666666666 0.07777777777777778
4 0.5546875 0.062037037037037036 0.030208333333333334 0.0462962962962963
4 0.5927083333333333 0.058333333333333334 0.027083333333333334 0.0462962962962963
3 0.515625 0.02777777777777778 0.027083333333333334 0.05555555555555556
3 0.44427083333333334 0.4777777777777778 0.16770833333333332 0.5148148148148148