4 0.4708333333333333 0.21666666666666667 0.052083333333333336 0.08518518518518518
4 0.6723958333333333 0.7481481481481482 0.13854166666666667 0.3074074074074074
4 0.5802083333333333 0.17777777777777778 0.04583333333333333 0.07777777777777778
5 0.5359375 0.28611111111111115 0.057291666666666664 0.1425925925925926
4 0.7166666666666667 0.08518518518518518 0.035416666666666666 0.05925925925925926
4 0.6536458333333334 0.2111111111111111 0.04895833333333333 0.08518518518518518
4 0.7973958333333333 0.11574074074074074 0.042708333333333334 0.061111111111111116
4 0.7625 0.17500000000000002 0.04791666666666666 0.07592592592592592
4 0.5791666666666666 0.11666666666666667 0.0375 0.07037037037037037
4 0.6458333333333334 0.1175925925925926 0.03958333333333333 0.061111111111111116
4 0.8520833333333333 0.21203703703703705 0.06458333333333333 0.08703703703703704
3 0.4875 0.11018518518518519 0.12916666666666665 0.16111111111111112