4 0.471875 0.20277777777777778 0.05416666666666667 0.07592592592592592
4 0.5 0.362962962962963 0.0875 0.15925925925925927
4 0.46458333333333335 0.9 0.18125 0.1962962962962963
4 0.6296875 0.40740740740740744 0.08645833333333333 0.16666666666666669
4 0.5572916666666666 0.22314814814814815 0.05416666666666667 0.09074074074074075
4 0.7296875 0.08333333333333334 0.03854166666666667 0.05555555555555556
4 0.6427083333333333 0.25833333333333336 0.05625 0.10555555555555556
5 0.58125 0.12685185185185185 0.05 0.10555555555555556
5 0.7828125 0.06759259259259259 0.040625 0.06851851851851852
4 0.4505208333333333 0.17962962962962964 0.08020833333333333 0.07037037037037037
4 0.79375 0.13148148148148148 0.04791666666666666 0.06666666666666667
4 0.7713541666666667 0.19722222222222224 0.059375 0.08703703703703704
4 0.9041666666666667 0.20462962962962963 0.075 0.09074074074074075
4 0.6057291666666667 0.09722222222222222 0.03229166666666666 0.05740740740740741
3 0.48802083333333335 0.1 0.12604166666666666 0.15555555555555556