4 0.3885416666666667 0.8833333333333334 0.18541666666666667 0.22962962962962963
4 0.46822916666666664 0.21574074074074076 0.053125 0.08333333333333334
4 0.6744791666666666 0.6611111111111111 0.14479166666666665 0.34444444444444444
4 0.4973958333333333 0.41111111111111115 0.09270833333333334 0.17777777777777778
4 0.6458333333333334 0.1787037037037037 0.04583333333333333 0.07962962962962963
4 0.5958333333333333 0.10555555555555556 0.03125 0.05555555555555556
4 0.7234375 0.10185185185185186 0.036458333333333336 0.06296296296296297
4 0.7734375 0.09722222222222222 0.03854166666666667 0.05740740740740741
4 0.8234374999999999 0.07962962962962963 0.036458333333333336 0.05555555555555556
4 0.7822916666666666 0.05462962962962963 0.03333333333333333 0.0462962962962963
4 0.9765625 0.07777777777777778 0.04479166666666667 0.06296296296296297
4 0.5515625 0.2564814814814815 0.06145833333333333 0.10185185185185186
5 0.571875 0.13796296296296298 0.0375 0.09074074074074075
4 0.7723958333333333 0.23796296296296296 0.06770833333333333 0.09444444444444444
4 0.6447916666666667 0.08611111111111111 0.03333333333333333 0.053703703703703705
4 0.9671875 0.3712962962962963 0.06354166666666666 0.13148148148148148
4 0.9546875 0.6731481481481482 0.08854166666666667 0.2388888888888889
3 0.4864583333333333 0.11018518518518519 0.12708333333333333 0.1537037037037037