4 0.3359375 0.23148148148148148 0.04895833333333333 0.06666666666666667
4 0.6614583333333334 0.08888888888888889 0.020833333333333332 0.040740740740740744
4 0.4927083333333333 0.36574074074074076 0.08125 0.1574074074074074
4 0.5833333333333334 0.09814814814814815 0.029166666666666667 0.040740740740740744
5 0.3614583333333333 0.31203703703703706 0.07916666666666666 0.1685185185185185
4 0.6484375 0.14444444444444446 0.03854166666666667 0.05925925925925926
4 0.5817708333333333 0.125 0.034375 0.05
4 0.7041666666666666 0.20555555555555557 0.05 0.07037037037037037
4 0.7098958333333333 0.2601851851851852 0.06354166666666666 0.09444444444444444
4 0.4515625 0.22222222222222224 0.04479166666666667 0.07037037037037037
4 0.4036458333333333 0.20092592592592592 0.040625 0.05740740740740741
4 0.5182291666666666 0.1462962962962963 0.030208333333333334 0.04814814814814815
4 0.778125 0.36574074074074076 0.08125 0.12037037037037038
4 0.4583333333333333 0.1287037037037037 0.027083333333333334 0.04259259259259259
4 0.4984375 0.0925925925925926 0.02395833333333333 0.040740740740740744
4 0.5322916666666666 0.10740740740740741 0.027083333333333334 0.037037037037037035
4 0.9302083333333333 0.8537037037037037 0.09791666666666667 0.2555555555555556
3 0.7130208333333333 0.125 0.071875 0.12037037037037038
3 0.6276041666666666 0.0925925925925926 0.04479166666666667 0.10740740740740741