4 0.4786458333333333 0.12407407407407407 0.03229166666666666 0.06666666666666667
5 0.5989583333333334 0.2638888888888889 0.058333333333333334 0.09444444444444444
4 0.5802083333333333 0.1638888888888889 0.041666666666666664 0.07222222222222223
4 0.753125 0.42314814814814816 0.09583333333333333 0.1685185185185185
4 0.6796875 0.22314814814814815 0.06770833333333333 0.11296296296296297
4 0.7588541666666666 0.08333333333333334 0.042708333333333334 0.05555555555555556
4 0.565625 0.12314814814814816 0.035416666666666666 0.05
4 0.5598958333333334 0.08240740740740742 0.030208333333333334 0.0462962962962963
4 0.5963541666666666 0.05740740740740741 0.030208333333333334 0.040740740740740744
5 0.4765625 0.13518518518518519 0.059375 0.07407407407407407
3 0.47760416666666666 0.2953703703703704 0.11354166666666667 0.30185185185185187