4 0.6942708333333333 0.750925925925926 0.134375 0.30185185185185187
4 0.4875 0.5074074074074074 0.10208333333333333 0.1814814814814815
4 0.4692708333333333 0.21851851851851853 0.05520833333333333 0.07777777777777778
4 0.6541666666666667 0.35370370370370374 0.07916666666666666 0.1814814814814815
4 0.5510416666666667 0.2611111111111111 0.06666666666666667 0.11851851851851852
4 0.6442708333333333 0.125 0.03854166666666667 0.06481481481481481
4 0.5958333333333333 0.09444444444444444 0.029166666666666667 0.04814814814814815
4 0.7489583333333333 0.16203703703703703 0.04583333333333333 0.07222222222222223
4 0.8020833333333334 0.14722222222222223 0.04791666666666666 0.07222222222222223
4 0.85625 0.12037037037037038 0.04791666666666666 0.06666666666666667
4 0.7958333333333333 0.08796296296296297 0.0375 0.053703703703703705
4 0.9635416666666666 0.08240740740740742 0.07083333333333333 0.061111111111111116
4 0.571875 0.18333333333333335 0.04791666666666666 0.07777777777777778
5 0.5817708333333333 0.11574074074074074 0.034375 0.07592592592592592
4 0.840625 0.4 0.10625 0.15185185185185185
3 0.48593749999999997 0.11666666666666667 0.12395833333333334 0.15925925925925927