4 0.6916666666666667 0.8277777777777778 0.15833333333333333 0.3074074074074074
4 0.7432291666666666 0.03425925925925926 0.026041666666666668 0.03518518518518519
5 0.6536458333333334 0.4277777777777778 0.08229166666666667 0.18888888888888888
4 0.7666666666666666 0.05 0.025 0.040740740740740744
4 0.6427083333333333 0.26203703703703707 0.06041666666666667 0.09814814814814815
4 0.7890625 0.03333333333333333 0.028125 0.03333333333333333
4 0.6989583333333333 0.036111111111111115 0.025 0.03888888888888889
4 0.5291666666666667 0.11574074074074074 0.03333333333333333 0.061111111111111116
5 0.6026041666666666 0.13796296296296298 0.042708333333333334 0.09444444444444444
4 0.7567708333333333 0.3092592592592593 0.078125 0.12962962962962962
5 0.7994791666666666 0.08240740740740742 0.04479166666666667 0.06851851851851852
4 0.5395833333333333 0.2638888888888889 0.052083333333333336 0.09814814814814815
4 0.5802083333333333 0.10092592592592593 0.029166666666666667 0.053703703703703705
4 0.8510416666666667 0.14537037037037037 0.058333333333333334 0.06851851851851852
4 0.6645833333333333 0.10185185185185186 0.04375 0.07037037037037037
4 0.5583333333333333 0.04814814814814815 0.025 0.044444444444444446
4 0.96875 0.2851851851851852 0.06041666666666667 0.11481481481481481
3 0.45729166666666665 0.4759259259259259 0.175 0.4814814814814815