4 0.65625 0.4425925925925926 0.09166666666666666 0.16296296296296298
4 0.75 0.044444444444444446 0.03125 0.044444444444444446
4 0.6083333333333333 0.28055555555555556 0.0625 0.10185185185185186
4 0.8067708333333333 0.5416666666666667 0.109375 0.20185185185185187
4 0.7984375 0.04814814814814815 0.03229166666666666 0.040740740740740744
4 0.7791666666666667 0.07592592592592592 0.035416666666666666 0.04814814814814815
5 0.6161458333333333 0.1824074074074074 0.042708333333333334 0.09074074074074075
4 0.8057291666666666 0.0962962962962963 0.036458333333333336 0.05185185185185186
4 0.609375 0.11574074074074074 0.0375 0.0462962962962963
4 0.8739583333333333 0.10925925925925926 0.04791666666666666 0.05925925925925926
4 0.7713541666666667 0.13425925925925927 0.04895833333333333 0.06851851851851852
4 0.5375 0.06851851851851852 0.027083333333333334 0.04814814814814815
5 0.5916666666666667 0.061111111111111116 0.03125 0.06296296296296297
4 0.6546875 0.08703703703703704 0.03229166666666666 0.05555555555555556
5 0.9177083333333333 0.19444444444444445 0.07708333333333334 0.11481481481481481
4 0.49322916666666666 0.19444444444444445 0.07395833333333333 0.07037037037037037
3 0.46822916666666664 0.42592592592592593 0.153125 0.4185185185185185