2 0.2763532763532764 0.4609375 0.045584045584045586 0.03515625
2 0.33831908831908836 0.46484375 0.04700854700854701 0.03515625
2 0.391025641025641 0.46875 0.04700854700854701 0.03515625
2 0.44871794871794873 0.470703125 0.04843304843304844 0.0390625
2 0.4793447293447294 0.4736328125 0.04985754985754986 0.037109375
2 0.542022792022792 0.4775390625 0.04985754985754986 0.037109375
2 0.6111111111111112 0.4794921875 0.05128205128205129 0.041015625
2 0.6794871794871795 0.486328125 0.05128205128205129 0.0390625
2 0.7471509971509972 0.4873046875 0.05270655270655271 0.041015625
2 0.8205128205128206 0.4921875 0.05413105413105413 0.04296875
2 0.8945868945868947 0.4970703125 0.05698005698005698 0.041015625
2 0.9757834757834758 0.50390625 0.042735042735042736 0.04296875