2 0.22421875000000002 0.5843091334894613 0.11093750000000001 0.16627634660421545
2 0.32109375 0.572599531615925 0.0890625 0.21311475409836064
2 0.384375 0.5889929742388759 0.07500000000000001 0.16159250585480095
2 0.4703125 0.5772833723653396 0.059375000000000004 0.18032786885245902
2 0.53046875 0.5714285714285714 0.060937500000000006 0.18735362997658078
2 0.59375 0.5761124121779859 0.065625 0.17798594847775176
2 0.6687500000000001 0.5597189695550351 0.06875 0.1920374707259953
2 0.74609375 0.5655737704918032 0.0765625 0.1990632318501171
2 0.8210937500000001 0.5761124121779859 0.0734375 0.18266978922716628
2 0.890625 0.5597189695550351 0.078125 0.2107728337236534
2 0.9500000000000001 0.5644028103044496 0.08125 0.20140515222482436