2 0.9078125 0.8086854460093897 0.18125000000000002 0.3544600938967136
2 0.7156250000000001 0.5434272300469484 0.10312500000000001 0.19014084507042253
2 0.5320312500000001 0.6596244131455399 0.13593750000000002 0.28169014084507044
2 0.44609375 0.5669014084507042 0.1171875 0.19953051643192488
2 0.3171875 0.4460093896713615 0.084375 0.1643192488262911
2 0.31875000000000003 0.8309859154929577 0.178125 0.3286384976525822
2 0.16875 0.642018779342723 0.11875000000000001 0.2511737089201878
2 0.1328125 0.505868544600939 0.0625 0.05868544600938967
2 0.11171875 0.40023474178403756 0.0734375 0.13380281690140847
2 0.0546875 0.255868544600939 0.059375000000000004 0.10328638497652583
2 0.14765625000000002 0.20539906103286384 0.0671875 0.11032863849765258
2 0.21640625000000002 0.17018779342723006 0.0484375 0.11502347417840376
2 0.09531250000000001 0.06572769953051644 0.05625 0.09389671361502347