2 0.06406250000000001 0.7026515151515151 0.13125 0.46590909090909094
2 0.25234375000000003 0.6685606060606061 0.0703125 0.39772727272727276
2 0.3125 0.6912878787878788 0.1125 0.4431818181818182
2 0.40390625 0.6401515151515151 0.09531250000000001 0.3560606060606061
2 0.5476562500000001 0.6590909090909091 0.09531250000000001 0.32575757575757575
2 0.67109375 0.5946969696969697 0.09843750000000001 0.3560606060606061
2 0.94296875 0.5492424242424243 0.0390625 0.2196969696969697
2 0.9046875000000001 0.5568181818181819 0.0625 0.25
2 0.8500000000000001 0.5643939393939394 0.07500000000000001 0.2727272727272727
2 0.7429687500000001 0.5852272727272727 0.060937500000000006 0.3143939393939394
2 0.61875 0.5625 0.034375 0.16287878787878787
2 0.49375 0.5928030303030303 0.043750000000000004 0.13257575757575757
2 0.7828125 0.5568181818181819 0.028125 0.18181818181818182