2 0.5085937500000001 0.6032863849765259 0.045312500000000006 0.09389671361502347
2 0.525 0.5293427230046949 0.040625 0.08215962441314555
2 0.6375000000000001 0.5258215962441315 0.037500000000000006 0.08450704225352113
2 0.5625 0.4964788732394366 0.03125 0.06807511737089202
2 0.7203125 0.471830985915493 0.037500000000000006 0.07511737089201878
2 0.64765625 0.4330985915492958 0.0328125 0.06807511737089202
2 0.6765625000000001 0.4084507042253521 0.037500000000000006 0.06572769953051644
2 0.75390625 0.4366197183098592 0.0328125 0.07042253521126761
2 0.8406250000000001 0.4084507042253521 0.03125 0.07042253521126761
2 0.8250000000000001 0.2934272300469484 0.025 0.056338028169014086
2 0.6890625 0.27699530516431925 0.021875000000000002 0.03755868544600939