2 0.15937500000000002 0.49292452830188677 0.134375 0.12735849056603774
2 0.41640625000000003 0.44929245283018865 0.035937500000000004 0.06839622641509434
2 0.453125 0.45754716981132076 0.06875 0.08018867924528301
2 0.60078125 0.5106132075471698 0.09531250000000001 0.1580188679245283
2 0.6546875000000001 0.42806603773584906 0.018750000000000003 0.030660377358490566
2 0.68359375 0.45047169811320753 0.045312500000000006 0.07547169811320754
2 0.71015625 0.43514150943396224 0.035937500000000004 0.05424528301886792
2 0.81171875 0.4563679245283019 0.0390625 0.07783018867924528
2 0.79296875 0.41745283018867924 0.0140625 0.0330188679245283
2 0.8445312500000001 0.41745283018867924 0.0140625 0.0330188679245283
2 0.92734375 0.4221698113207547 0.0171875 0.02830188679245283
2 0.859375 0.4398584905660377 0.03125 0.0589622641509434
2 0.74140625 0.4245283018867924 0.0203125 0.0330188679245283