2 0.837012987012987 0.810546875 0.13896103896103895 0.2890625
2 0.7285714285714285 0.7353515625 0.09090909090909091 0.279296875
2 0.8474025974025974 0.681640625 0.06883116883116883 0.19921875
2 0.6727272727272727 0.58984375 0.03896103896103896 0.12890625
2 0.5402597402597402 0.6064453125 0.04155844155844156 0.123046875
2 0.4448051948051948 0.611328125 0.053246753246753244 0.1484375
2 0.3396103896103896 0.6259765625 0.05064935064935065 0.142578125
2 0.4857142857142857 0.5439453125 0.02077922077922078 0.076171875
2 0.3948051948051948 0.576171875 0.03636363636363636 0.12109375
2 0.2850649350649351 0.52734375 0.01948051948051948 0.05859375
2 0.2655844155844156 0.521484375 0.016883116883116882 0.05859375
2 0.37597402597402596 0.5283203125 0.016883116883116882 0.064453125